f = ((y^2-x^3)^5 + x^18)*(y^6-x^11)
g = (y^2-x^3)^3*y^3

A = [ 16  26  26  48  53  54  54 108 162 216 270 271  75 102 129 156 157]
B = [  9  15  18  27  30  33  36  63  93 123 153 153  42  57  72  87  87]
C = [
<1, 0>,
<1, 0>,
<1, 0>,
<0, 1>,
<1, 1>,
<1, 0>,
<1, 0>,
<0, 1>,
<0, 1>,
<0, 1>,
<0, 1>,
<1, -1/2>,
<0, 1>,
<0, 1>,
<0, 1>,
<0, 1>,
<1, 1>
]
P = 
[ 1  0  0  0  0  0  0  0  0  0  0  0  0  0  0  0  0]
[-1  1  0  0  0  0  0  0  0  0  0  0  0  0  0  0  0]
[ 0 -1  1  0  0  0  0  0  0  0  0  0  0  0  0  0  0]
[-1 -1  0  1  0  0  0  0  0  0  0  0  0  0  0  0  0]
[ 0  0  0 -1  1  0  0  0  0  0  0  0  0  0  0  0  0]
[ 0  0  0  0 -1  1  0  0  0  0  0  0  0  0  0  0  0]
[ 0  0  0  0  0 -1  1  0  0  0  0  0  0  0  0  0  0]
[ 0  0  0  0 -1 -1  0  1  0  0  0  0  0  0  0  0  0]
[ 0  0  0  0 -1  0  0 -1  1  0  0  0  0  0  0  0  0]
[ 0  0  0  0 -1  0  0  0 -1  1  0  0  0  0  0  0  0]
[ 0  0  0  0 -1  0  0  0  0 -1  1  0  0  0  0  0  0]
[ 0  0  0  0  0  0  0  0  0  0 -1  1  0  0  0  0  0]
[ 0 -1  0 -1  0  0  0  0  0  0  0  0  1  0  0  0  0]
[ 0 -1  0  0  0  0  0  0  0  0  0  0 -1  1  0  0  0]
[ 0 -1  0  0  0  0  0  0  0  0  0  0  0 -1  1  0  0]
[ 0 -1  0  0  0  0  0  0  0  0  0  0  0  0 -1  1  0]
[ 0  0  0  0  0  0  0  0  0  0  0  0  0  0  0 -1  1]

.D = [0 0 0 0 0 0 0 0 0 0 0 0 0 0 0 0 0 0 0]
JN*F - K menys f... = [ -1  -2  -3  -4  -5  -6  -7 -12 -18 -24 -30 -31  -7 -10 
-13 -16 -17   0   0]
Unload(JN*F - K menys f...) = [0 0 0 0 0 0 0 0 0 0 0 0 0 0 0 0 0 0 0]

JN = 5/21           , i = [ 4 ]
.D = [ 1  1  1  2  2  2  2  4  6  8 10 10  3  4  5  6  6  0  0]
JN*F - K menys f... = [ 0  0 -2  1  0 -1 -3 -2 -2 -2 -3 -3  0  0  0  0 -1  0  0]
Unload(JN*F - K menys f...) = [ 1  1  1  2  2  2  2  4  6  8 10 10  3  4  5  6  
6  0  0]
Divisor per O(D): [ 1  1  1  2  2  2  2  4  6  8 10 10  3  4  5  6  6  0  0]

JN = 1/3            , i = [ 4, 13, 14, 15, 16 ]
.D = [ 1  2  2  3  3  3  3  6  9 12 15 15  5  7  9 11 11  0  0]
JN*F - K menys f... = [ 1  1 -1  3  2  1 -1  3  5  7  9  8  4  5  6  7  6  0  0]
Unload(JN*F - K menys f...) = [ 1  2  2  3  3  3  3  6  9 12 15 15  5  7  9 11 
11  0  0]
Divisor per O(D): [ 1  2  2  3  3  3  3  6  9 12 15 15  5  7  9 11 11  0  0]

JN = 8/21           , i = [ 4 ]
.D = [ 2  2  2  4  4  4  4  8 12 16 20 20  6  8 10 12 12  0  0]
JN*F - K menys f... = [ 1  2  0  4  3  2 -1  5  8 11 14 13  5  7  8 10  9  0  0]
Unload(JN*F - K menys f...) = [ 2  2  2  4  4  4  4  8 12 16 20 20  6  8 10 12 
12  0  0]
Divisor per O(D): [ 2  2  2  4  4  4  4  8 12 16 20 20  6  8 10 12 12  0  0]

JN = 29/69          , i = [ 16 ]
.D = [ 2  3  3  5  5  5  5 10 15 20 25 25  8 11 14 17 17  0  0]
JN*F - K menys f... = [ 1  2  0  4  4  2  0  6 11 15 19 18  6  8 10 13 12  0  0]
Unload(JN*F - K menys f...) = [ 2  3  3  5  5  5  5 10 15 20 25 25  8 11 14 17 
17  0  0]
Divisor per O(D): [ 2  3  3  5  5  5  5 10 15 20 25 25  8 11 14 17 17  0  0]

JN = 10/21          , i = [ 4 ]
.D = [ 2  3  3  6  6  6  6 12 18 24 30 30  9 12 15 18 18  0  0]
JN*F - K menys f... = [ 2  3  0  6  5  4  1  9 14 20 25 25  8 11 14 16 16  0  0]
Unload(JN*F - K menys f...) = [ 2  3  3  6  6  6  6 12 18 24 30 30  9 12 15 18 
18  0  0]
Divisor per O(D): [ 2  3  3  6  6  6  6 12 18 24 30 30  9 12 15 18 18  0  0]

JN = 35/69          , i = [ 16 ]
.D = [ 2  4  4  6  6  6  6 12 18 24 30 30 10 14 18 22 22  0  0]
JN*F - K menys f... = [ 2  3  1  6  6  4  2 10 17 23 29 28  9 12 15 19 18  0  0]
Unload(JN*F - K menys f...) = [ 2  4  4  6  6  6  6 12 18 24 30 30 10 14 18 22 
22  0  0]
Divisor per O(D): [ 2  4  4  6  6  6  6 12 18 24 30 30 10 14 18 22 22  0  0]

JN = 61/117         , i = [ 11 ]
.D = [ 3  4  4  7  7  7  7 14 21 28 35 35 11 15 19 23 23  0  0]
JN*F - K menys f... = [ 2  3  1  6  6  4  2 11 17 24 31 30 10 13 16 19 19  0  0]
Unload(JN*F - K menys f...) = [ 3  4  4  7  7  7  7 14 21 28 35 35 11 15 19 23 
23  0  0]
Divisor per O(D): [ 3  4  4  7  7  7  7 14 21 28 35 35 11 15 19 23 23  0  0]

JN = 22/39          , i = [ 11 ]
.D = [ 3  4  4  8  8  8  8 16 24 32 40 40 12 16 20 24 24  0  0]
JN*F - K menys f... = [ 2  4  1  7  7  5  3 13 20 28 36 35 11 15 19 22 22  0  0]
Unload(JN*F - K menys f...) = [ 3  4  4  8  8  8  8 16 24 32 40 40 12 16 20 24 
24  0  0]
Divisor per O(D): [ 3  4  4  8  8  8  8 16 24 32 40 40 12 16 20 24 24  0  0]

JN = 41/69          , i = [ 16 ]
.D = [ 3  5  5  8  8  8  8 16 24 32 40 40 13 18 23 28 28  0  0]
JN*F - K menys f... = [ 3  4  1  8  8  6  3 14 23 31 39 39 12 16 20 25 24  0  0]
Unload(JN*F - K menys f...) = [ 3  5  5  8  8  8  8 16 24 32 40 40 13 18 23 28 
28  0  0]
Divisor per O(D): [ 3  5  5  8  8  8  8 16 24 32 40 40 13 18 23 28 28  0  0]

JN = 71/117         , i = [ 11 ]
.D = [ 3  5  5  9  9  9  9 18 27 36 45 45 14 19 24 29 29  0  0]
JN*F - K menys f... = [ 3  4  1  8  8  6  3 15 23 32 41 40 13 17 21 25 25  0  0]
Unload(JN*F - K menys f...) = [ 3  5  5  9  9  9  9 18 27 36 45 45 14 19 24 29 
29  0  0]
Divisor per O(D): [ 3  5  5  9  9  9  9 18 27 36 45 45 14 19 24 29 29  0  0]

JN = 76/117         , i = [ 11 ]
.D = [ 3  5  5  9 10 10 10 20 30 40 50 50 14 19 24 29 29  0  0]
JN*F - K menys f... = [ 3  5  2  9  9  7  4 17 26 36 46 45 14 19 24 28 28  0  0]
Unload(JN*F - K menys f...) = [ 3  5  5  9 10 10 10 20 30 40 50 50 14 19 24 29 
29  0  0]
Divisor per O(D): [ 3  5  5  9 10 10 10 20 30 40 50 50 14 19 24 29 29  0  0]

JN = 2/3            , i = [ 4, 13, 14, 15, 16 ]
.D = [ 4  5  5 10 10 10 10 20 30 40 50 50 15 20 25 30 30  0  0]
JN*F - K menys f... = [ 3  5  2 10 10  8  5 18 28 38 48 47 15 20 25 30 29  0  0]
Unload(JN*F - K menys f...) = [ 4  5  5 10 10 10 10 20 30 40 50 50 15 20 25 30 
30  0  0]
Divisor per O(D): [ 4  5  5 10 10 10 10 20 30 40 50 50 15 20 25 30 30  0  0]

JN = 47/69          , i = [ 16 ]
.D = [ 4  6  6 10 10 10 10 20 30 40 50 50 16 22 28 34 34  0  0]
JN*F - K menys f... = [ 3  5  2 10 10  8  5 18 29 39 49 49 15 20 25 31 30  0  0]
Unload(JN*F - K menys f...) = [ 4  6  6 10 10 10 10 20 30 40 50 50 16 22 28 34 
34  0  0]
Divisor per O(D): [ 4  6  6 10 10 10 10 20 30 40 50 50 16 22 28 34 34  0  0]

JN = 9/13           , i = [ 11 ]
.D = [ 4  6  6 11 11 11 11 22 33 44 55 55 17 23 29 35 35  0  0]
JN*F - K menys f... = [ 3  5  2 10 10  8  5 19 29 40 51 50 15 21 26 31 31  0  0]
Unload(JN*F - K menys f...) = [ 4  6  6 11 11 11 11 22 33 44 55 55 17 23 29 35 
35  0  0]
Divisor per O(D): [ 4  6  6 11 11 11 11 22 33 44 55 55 17 23 29 35 35  0  0]

JN = 86/117         , i = [ 11 ]
.D = [ 4  6  6 11 12 12 12 24 36 48 60 60 17 23 29 35 35  0  0]
JN*F - K menys f... = [ 4  6  2 11 11  9  6 21 32 44 56 55 17 23 28 34 34  0  0]
Unload(JN*F - K menys f...) = [ 4  6  6 11 12 12 12 24 36 48 60 60 17 23 29 35 
35  0  0]
Divisor per O(D): [ 4  6  6 11 12 12 12 24 36 48 60 60 17 23 29 35 35  0  0]

JN = 52/69          , i = [ 16 ]
.D = [ 4  6  6 12 12 12 12 24 36 48 60 60 18 24 30 36 36  0  0]
JN*F - K menys f... = [ 4  6  3 11 12  9  6 21 34 46 58 57 17 23 29 36 35  0  0]
Unload(JN*F - K menys f...) = [ 4  6  6 12 12 12 12 24 36 48 60 60 18 24 30 36 
36  0  0]
Divisor per O(D): [ 4  6  6 12 12 12 12 24 36 48 60 60 18 24 30 36 36  0  0]

JN = 53/69          , i = [ 16 ]
.D = [ 4  7  7 12 12 12 12 24 36 48 60 60 19 26 33 40 40  0  0]
JN*F - K menys f... = [ 4  6  3 12 12 10  6 22 35 47 59 59 18 24 30 37 36  0  0]
Unload(JN*F - K menys f...) = [ 4  7  7 12 12 12 12 24 36 48 60 60 19 26 33 40 
40  0  0]
Divisor per O(D): [ 4  7  7 12 12 12 12 24 36 48 60 60 19 26 33 40 40  0  0]

JN = 7/9            , i = [ 11 ]
.D = [ 4  7  7 12 13 13 13 26 39 52 65 65 19 26 33 40 40  0  0]
JN*F - K menys f... = [ 4  6  3 12 12 10  7 23 35 48 61 60 18 25 31 37 37  0  0]
Unload(JN*F - K menys f...) = [ 4  7  7 12 13 13 13 26 39 52 65 65 19 26 33 40 
40  0  0]
Divisor per O(D): [ 4  7  7 12 13 13 13 26 39 52 65 65 19 26 33 40 40  0  0]

JN = 17/21          , i = [ 4 ]
.D = [ 5  7  7 13 13 13 13 26 39 52 65 65 20 27 34 41 41  0  0]
JN*F - K menys f... = [ 4  6  3 13 13 11  7 24 37 51 64 64 19 26 33 39 39  0  0]
Unload(JN*F - K menys f...) = [ 5  7  7 13 13 13 13 26 39 52 65 65 20 27 34 41 
41  0  0]
Divisor per O(D): [ 5  7  7 13 13 13 13 26 39 52 65 65 20 27 34 41 41  0  0]

JN = 32/39          , i = [ 11 ]
.D = [ 5  7  7 13 14 14 14 28 42 56 70 70 20 27 34 41 41  0  0]
JN*F - K menys f... = [ 4  7  3 13 13 11  7 24 38 52 66 65 20 26 33 40 40  0  0]
Unload(JN*F - K menys f...) = [ 5  7  7 13 14 14 14 28 42 56 70 70 20 27 34 41 
41  0  0]
Divisor per O(D): [ 5  7  7 13 14 14 14 28 42 56 70 70 20 27 34 41 41  0  0]

JN = 58/69          , i = [ 16 ]
.D = [ 5  7  7 14 14 14 14 28 42 56 70 70 21 28 35 42 42  0  0]
JN*F - K menys f... = [ 4  7  3 13 14 11  8 25 40 54 68 68 20 27 34 42 41  0  0]
Unload(JN*F - K menys f...) = [ 5  7  7 14 14 14 14 28 42 56 70 70 21 28 35 42 
42  0  0]
Divisor per O(D): [ 5  7  7 14 14 14 14 28 42 56 70 70 21 28 35 42 42  0  0]

JN = 59/69          , i = [ 16 ]
.D = [ 5  8  8 14 14 14 14 28 42 56 70 70 22 30 38 46 46  0  0]
JN*F - K menys f... = [ 4  7  3 13 14 11  8 26 41 55 70 69 21 28 35 43 42  0  0]
Unload(JN*F - K menys f...) = [ 5  8  8 14 14 14 14 28 42 56 70 70 22 30 38 46 
46  0  0]
Divisor per O(D): [ 5  8  8 14 14 14 14 28 42 56 70 70 22 30 38 46 46  0  0]

JN = 101/117        , i = [ 11 ]
.D = [ 5  8  8 14 15 15 15 30 45 60 75 75 22 30 38 46 46  0  0]
JN*F - K menys f... = [ 5  7  3 14 14 12  8 26 41 56 71 70 21 28 36 43 43  0  0]
Unload(JN*F - K menys f...) = [ 5  8  8 14 15 15 15 30 45 60 75 75 22 30 38 46 
46  0  0]
Divisor per O(D): [ 5  8  8 14 15 15 15 30 45 60 75 75 22 30 38 46 46  0  0]

JN = 19/21          , i = [ 4 ]
.D = [ 5  8  8 15 15 15 15 30 45 60 75 75 23 31 39 47 47  0  0]
JN*F - K menys f... = [ 5  7  4 15 15 13  9 28 44 60 75 75 22 30 38 46 46  0  0]
Unload(JN*F - K menys f...) = [ 5  8  8 15 15 15 15 30 45 60 75 75 23 31 39 47 
47  0  0]
Divisor per O(D): [ 5  8  8 15 15 15 15 30 45 60 75 75 23 31 39 47 47  0  0]

JN = 106/117        , i = [ 11 ]
.D = [ 5  8  8 15 16 16 16 32 48 64 80 80 23 31 39 47 47  0  0]
JN*F - K menys f... = [ 5  7  4 15 15 13  9 28 44 60 76 75 22 30 38 46 46  0  0]
Unload(JN*F - K menys f...) = [ 5  8  8 15 16 16 16 32 48 64 80 80 23 31 39 47 
47  0  0]
Divisor per O(D): [ 5  8  8 15 16 16 16 32 48 64 80 80 23 31 39 47 47  0  0]

JN = 64/69          , i = [ 16 ]
.D = [ 5  8  8 15 16 16 16 32 48 64 80 80 24 32 40 48 48  0  0]
JN*F - K menys f... = [ 5  8  4 15 16 13  9 29 46 62 78 78 23 31 39 48 47  0  0]
Unload(JN*F - K menys f...) = [ 5  8  8 15 16 16 16 32 48 64 80 80 24 32 40 48 
48  0  0]
Divisor per O(D): [ 5  8  8 15 16 16 16 32 48 64 80 80 24 32 40 48 48  0  0]

JN = 65/69          , i = [ 16 ]
.D = [ 5  9  9 15 16 16 16 32 48 64 80 80 24 33 42 51 51  0  0]
JN*F - K menys f... = [ 5  8  4 15 16 13  9 30 47 63 80 80 24 32 40 49 48  0  0]
Unload(JN*F - K menys f...) = [ 5  9  9 15 16 16 16 32 48 64 80 80 24 33 42 51 
51  0  0]
Divisor per O(D): [ 5  9  9 15 16 16 16 32 48 64 80 80 24 33 42 51 51  0  0]

JN = 37/39          , i = [ 11 ]
.D = [ 5  9  9 15 16 17 17 33 49 65 81 81 24 33 42 51 51  0  0]
JN*F - K menys f... = [ 5  8  4 15 16 13 10 30 47 64 81 80 24 32 41 49 49  0  0]
Unload(JN*F - K menys f...) = [ 5  9  9 15 16 17 17 33 49 65 81 81 24 33 42 51 
51  0  0]
Divisor per O(D): [ 5  9  9 15 16 17 17 33 49 65 81 81 24 33 42 51 51  0  0]

JN = 20/21          , i = [ 4 ]
.D = [ 6  9  9 16 17 17 17 34 51 68 85 85 25 34 43 52 52  0  0]
JN*F - K menys f... = [ 5  8  4 16 16 14 10 30 47 64 81 81 24 32 41 49 49  0  0]
Unload(JN*F - K menys f...) = [ 6  9  9 16 17 17 17 34 51 68 85 85 25 34 43 52 
52  0  0]
Divisor per O(D): [ 6  9  9 16 17 17 17 34 51 68 85 85 25 34 43 52 52  0  0]

JN = 116/117        , i = [ 11 ]
.D = [ 6  9  9 16 17 18 18 35 52 69 86 86 25 34 43 52 52  0  0]
JN*F - K menys f... = [ 5  8  4 16 17 14 10 32 50 68 86 85 25 34 43 52 52  0  0]
Unload(JN*F - K menys f...) = [ 6  9  9 16 17 18 18 35 52 69 86 86 25 34 43 52 
52  0  0]
Divisor per O(D): [ 6  9  9 16 17 18 18 35 52 69 86 86 25 34 43 52 52  0  0]

JN = 1              , i = [ 4, 5, 11, 12, 13, 14, 15, 16, 17, 18, 19 ]
.D = [ 16  26  26  48  53  54  54 108 162 216 270 271  75 102 129 156 157   1   
1]
JN*F - K menys f... = [-10 -17 -21 -31 -35 -39 -43 -75 -111 -147 -183 -184 -49 
-67 -85 -103 -104 0 0]
Unload(JN*F - K menys f...) = [0 0 0 0 0 0 0 0 0 0 0 0 0 0 0 0 0 0 0]
Divisor per O(D): [0 0 0 0 0 0 0 0 0 0 0 0 0 0 0 0 0 0 0]

JN = 2              , i = [ 18, 19 ]
.D = [ 32  52  52  96 106 108 108 216 324 432 540 542 150 204 258 312 314   2   
2]
JN*F - K menys f... = [-19 -32 -39 -58 -65 -72 -79 -138 -204 -270 -336 -337 -91 
-124 -157 -190 -191 0 0]
Unload(JN*F - K menys f...) = [0 0 0 0 0 0 0 0 0 0 0 0 0 0 0 0 0 0 0]
Divisor per O(D): [0 0 0 0 0 0 0 0 0 0 0 0 0 0 0 0 0 0 0]

JN = 3              , i = [ 18, 19 ]
.D = [ 48  78  78 144 159 162 162 324 486 648 810 813 225 306 387 468 471   3   
3]
JN*F - K menys f... = [-28 -47 -57 -85 -95 -105 -115 -201 -297 -393 -489 -490 
-133 -181 -229 -277 -278 0 0]
Unload(JN*F - K menys f...) = [0 0 0 0 0 0 0 0 0 0 0 0 0 0 0 0 0 0 0]
Divisor per O(D): [0 0 0 0 0 0 0 0 0 0 0 0 0 0 0 0 0 0 0]

JN = 4              , i = [ 18, 19 ]
.D = [64 104 104 192 212 216 216 432 648 864 1080 1084 300 408 516 624 628 4 4]
JN*F - K menys f... = [-37 -62 -75 -112 -125 -138 -151 -264 -390 -516 -642 -643 
-175 -238 -301 -364 -365 0 0]
Unload(JN*F - K menys f...) = [0 0 0 0 0 0 0 0 0 0 0 0 0 0 0 0 0 0 0]
Divisor per O(D): [0 0 0 0 0 0 0 0 0 0 0 0 0 0 0 0 0 0 0]

JN = 5              , i = [ 18, 19 ]
.D = [80 130 130 240 265 270 270 540 810 1080 1350 1355 375 510 645 780 785 5 5]
JN*F - K menys f... = [-46 -77 -93 -139 -155 -171 -187 -327 -483 -639 -795 -796 
-217 -295 -373 -451 -452 0 0]
Unload(JN*F - K menys f...) = [0 0 0 0 0 0 0 0 0 0 0 0 0 0 0 0 0 0 0]
Divisor per O(D): [0 0 0 0 0 0 0 0 0 0 0 0 0 0 0 0 0 0 0]

JN = 6              , i = [ 18, 19 ]
.D = [96 156 156 288 318 324 324 648 972 1296 1620 1626 450 612 774 936 942 6 6]
JN*F - K menys f... = [-55 -92 -111 -166 -185 -204 -223 -390 -576 -762 -948 -949
-259 -352 -445 -538 -539 0 0]
Unload(JN*F - K menys f...) = [0 0 0 0 0 0 0 0 0 0 0 0 0 0 0 0 0 0 0]
Divisor per O(D): [0 0 0 0 0 0 0 0 0 0 0 0 0 0 0 0 0 0 0]

JN = 7              , i = [ 18, 19 ]
.D = [112 182 182 336 371 378 378 756 1134 1512 1890 1897 525 714 903 1092 1099 7
7]
JN*F - K menys f... = [-64 -107 -129 -193 -215 -237 -259 -453 -669 -885 -1101 
-1102 -301 -409 -517 -625 -626 0 0]
Unload(JN*F - K menys f...) = [0 0 0 0 0 0 0 0 0 0 0 0 0 0 0 0 0 0 0]
Divisor per O(D): [0 0 0 0 0 0 0 0 0 0 0 0 0 0 0 0 0 0 0]

JN = 8              , i = [ 18, 19 ]
.D = [128 208 208 384 424 432 432 864 1296 1728 2160 2168 600 816 1032 1248 1256 
8 8]
JN*F - K menys f... = [-73 -122 -147 -220 -245 -270 -295 -516 -762 -1008 -1254 
-1255 -343 -466 -589 -712 -713 0 0]
Unload(JN*F - K menys f...) = [0 0 0 0 0 0 0 0 0 0 0 0 0 0 0 0 0 0 0]
Divisor per O(D): [0 0 0 0 0 0 0 0 0 0 0 0 0 0 0 0 0 0 0]

JN = 9              , i = [ 18, 19 ]
.D = [144 234 234 432 477 486 486 972 1458 1944 2430 2439 675 918 1161 1404 1413 
9 9]
JN*F - K menys f... = [-82 -137 -165 -247 -275 -303 -331 -579 -855 -1131 -1407 
-1408 -385 -523 -661 -799 -800 0 0]
Unload(JN*F - K menys f...) = [0 0 0 0 0 0 0 0 0 0 0 0 0 0 0 0 0 0 0]
Divisor per O(D): [0 0 0 0 0 0 0 0 0 0 0 0 0 0 0 0 0 0 0]

JN = 10             , i = [ 18, 19 ]

--------------------------------------------------

5/21    | ( x, y )
1/3     | ( y, x^2 )
8/21    | ( x^2, xy, y^2 )
29/69   | ( xy, y^2, x^3 )
10/21   | ( h, x^2y, x^3 )
35/69   | ( y^2, x^2y, x^4 )
61/117  | ( y^3, xy^2, x^2y, x^4 )
22/39   | ( hx, x^3y, x^4, hy )
41/69   | ( y^3, x^3y, xy^2, x^5 )
71/117  | ( x^2y^2, hy, x^5, x^3y, hx^2 )
76/117  | ( x^2y^2, xy^3, hy, x^4y, hx^2 )
2/3     | ( hy^2, x^5, x^4y, hxy, hx^2 )
47/69   | ( xy^3, y^4, x^6, x^2y^2, x^4y )
9/13    | ( x^6, hy^2, hx^3, hxy, x^3y^2, x^4y )
86/117  | ( hy^2, x^3y^2, x^2y^3, hx^3, x^5y, hxy )
52/69   | ( hx^2y, h^2, x^5y, x^6, hx^3 )
53/69   | ( x^2y^3, hx^2y, x^5y, hy^2, x^7, x^3y^2, hx^4 )
7/9     | ( hy^2, hx^4, x^4y^2, hx^2y, x^2y^3, xy^4 )
17/21   | ( hy^3, hx^4, x^4y^2, hx^2y, x^7, hxy^2, x^5y )
32/39   | ( x^3y^3, hy^3, hx^4, x^4y^2, hx^2y, x^6y, hxy^2 )
58/69   | ( hx^4, h^2y, x^7, x^6y, hx^3y, h^2x )
59/69   | ( x^3y^3, hx^3y, x^6y, hy^3, x^8, hxy^2, hx^5, x^4y^2 )
101/117 | ( x^5y^2, x^3y^3, hx^3y, hy^3, hxy^2, hx^5, x^2y^4 )
19/21   | ( x^5y^2, h^2x^2, hx^3y, h^2y, x^6y, x^8, hx^5, hx^2y^2 )
106/117 | ( x^5y^2, h^2x^2, hx^3y, h^2y, x^7y, hx^5, x^4y^3, hx^2y^2 )
64/69   | ( hx^4y, h^2xy, hx^4, h^2x^2, hx^2y, hxy^2, x^7y, hx^5, h^2 )
65/69   | ( hx^4y, xy^5, hy^3, hx^6, x^4y^3, x^2y^4, hx^2y^2 )
37/39   | ( hx^4y, x^6y^2, hy^3, x^3y^4, hx^6, x^4y^3, hx^2y^2 )
20/21   | ( x^4y^3, hx^4y, x^6y^2, hx^6, hxy^3, hy^4, hx^2y^2, x^3y^4 )
116/117 | ( hx^4y, x^6y^2, x^5y^3, hx^6, x^8y, hy^4, hxy^3, hx^2y^2 )
1       | f * ( 1 )
2       | f^2 * ( 1 )
3       | f^3 * ( 1 )
4       | f^4 * ( 1 )
5       | f^5 * ( 1 )
6       | f^6 * ( 1 )
7       | f^7 * ( 1 )
8       | f^8 * ( 1 )
9       | f^9 * ( 1 )

Definitions:
h = y^2 - x^3

--------------------------------------------------

JN:

[ 5/21, 1/3, 8/21, 29/69, 10/21, 35/69, 61/117, 22/39, 41/69, 71/117, 76/117, 
2/3, 47/69, 9/13, 86/117, 52/69, 53/69, 7/9, 17/21, 32/39, 58/69, 59/69, 
101/117, 19/21, 106/117, 64/69, 65/69, 37/39, 20/21, 116/117 ]

[ 1 ]

[ 2 ]

[ 3 ]

[ 4 ]

[ 5 ]

[ 6 ]

[ 7 ]

[ 8 ]

[ 9 ]

JN fract:

0 + [ 5/21, 1/3, 8/21, 29/69, 10/21, 35/69, 61/117, 22/39, 41/69, 71/117, 
76/117, 2/3, 47/69, 9/13, 86/117, 52/69, 53/69, 7/9, 17/21, 32/39, 58/69, 59/69,
101/117, 19/21, 106/117, 64/69, 65/69, 37/39, 20/21, 116/117 ]

1 + [ 0 ]

2 + [ 0 ]

3 + [ 0 ]

4 + [ 0 ]

5 + [ 0 ]

6 + [ 0 ]

7 + [ 0 ]

8 + [ 0 ]

9 + [ 0 ]

