f = ((y^2-x^3)^4 + x^8*y^5)*((x^2-y^3)^5 + y^18)
g = (x+y)^17

A = [ 18  23  46  51  52 104 156 208 260 261  18  22  44  48  51 100 152 204 
205]
B = [ 17  17  34  34  34  68 102 136 170 170  34  17  34  34  34  68 102 136 
136]
C = [
<1, 0>,
<0, 1>,
<0, 1>,
<1, 1>,
<1, 0>,
<0, 1>,
<0, 1>,
<0, 1>,
<0, 1>,
<1, 1/3>,
<1, -1>,
<1, 0>,
<0, 1>,
<1, 1>,
<1, 0>,
<0, 1>,
<0, 1>,
<0, 1>,
<1, r1>
]
P = 
[ 1  0  0  0  0  0  0  0  0  0  0  0  0  0  0  0  0  0  0]
[-1  1  0  0  0  0  0  0  0  0  0  0  0  0  0  0  0  0  0]
[-1 -1  1  0  0  0  0  0  0  0  0  0  0  0  0  0  0  0  0]
[ 0  0 -1  1  0  0  0  0  0  0  0  0  0  0  0  0  0  0  0]
[ 0  0  0 -1  1  0  0  0  0  0  0  0  0  0  0  0  0  0  0]
[ 0  0  0 -1 -1  1  0  0  0  0  0  0  0  0  0  0  0  0  0]
[ 0  0  0 -1  0 -1  1  0  0  0  0  0  0  0  0  0  0  0  0]
[ 0  0  0 -1  0  0 -1  1  0  0  0  0  0  0  0  0  0  0  0]
[ 0  0  0 -1  0  0  0 -1  1  0  0  0  0  0  0  0  0  0  0]
[ 0  0  0  0  0  0  0  0 -1  1  0  0  0  0  0  0  0  0  0]
[-1  0  0  0  0  0  0  0  0  0  1  0  0  0  0  0  0  0  0]
[-1  0  0  0  0  0  0  0  0  0  0  1  0  0  0  0  0  0  0]
[-1  0  0  0  0  0  0  0  0  0  0 -1  1  0  0  0  0  0  0]
[ 0  0  0  0  0  0  0  0  0  0  0  0 -1  1  0  0  0  0  0]
[ 0  0  0  0  0  0  0  0  0  0  0  0  0 -1  1  0  0  0  0]
[ 0  0  0  0  0  0  0  0  0  0  0  0  0 -1 -1  1  0  0  0]
[ 0  0  0  0  0  0  0  0  0  0  0  0  0  0 -1 -1  1  0  0]
[ 0  0  0  0  0  0  0  0  0  0  0  0  0  0 -1  0 -1  1  0]
[ 0  0  0  0  0  0  0  0  0  0  0  0  0  0  0  0  0 -1  1]

.D = [0 0 0 0 0 0 0 0 0 0 0 0 0 0 0 0 0 0 0 0 0]
JN*F - K menys f... = [-1 -2 -4 -5 -6 -12 -18 -24 -30 -31 -2 -2 -4 -5 -6 -12 -19
-26 -27 0 0]
Unload(JN*F - K menys f...) = [0 0 0 0 0 0 0 0 0 0 0 0 0 0 0 0 0 0 0 0 0]

JN = 31/90          , i = [ 9 ]
.D = [ 1  1  2  2  2  4  6  8 10 10  1  1  2  2  2  4  6  8  8  0  0]
JN*F - K menys f... = [-1  0  0  0  0  0  0  0  1  0 -2 -1 -1 -1 -1 -1 -2 -3 -4 
0  0]
Unload(JN*F - K menys f...) = [ 1  1  2  2  2  4  6  8 10 10  1  1  2  2  2  4  
6  8  8  0  0]
Divisor per O(D): [ 1  1  2  2  2  4  6  8 10 10  1  1  2  2  2  4  6  8  8  0  
0]

JN = 41/90          , i = [ 9 ]
.D = [ 1  2  3  3  3  6  9 12 15 15  1  1  2  2  2  4  6  8  8  0  0]
JN*F - K menys f... = [-1  0  1  2  2  4  6  8 11 10 -2  0  0  1  1  2  3  4  4 
0  0]
Unload(JN*F - K menys f...) = [ 1  2  3  3  3  6  9 12 15 15  1  1  2  2  2  4  
6  8  8  0  0]
Divisor per O(D): [ 1  2  3  3  3  6  9 12 15 15  1  1  2  2  2  4  6  8  8  0  
0]

JN = 23/45          , i = [ 9 ]
.D = [ 2  2  4  4  4  8 12 16 20 20  2  2  4  4  4  8 12 16 16  0  0]
JN*F - K menys f... = [-1  1  2  3  3  6  9 12 16 15 -2  0  1  2  2  4  6  8  8 
0  0]
Unload(JN*F - K menys f...) = [ 2  2  4  4  4  8 12 16 20 20  2  2  4  4  4  8 
12 16 16  0  0]
Divisor per O(D): [ 2  2  4  4  4  8 12 16 20 20  2  2  4  4  4  8 12 16 16  0  
0]

JN = 17/30          , i = [ 9 ]
.D = [ 2  3  5  5  5 10 15 20 25 25  2  2  4  4  4  8 12 16 16  0  0]
JN*F - K menys f... = [-1  1  2  4  4  8 12 16 21 20 -2  0  1  2  3  6  9 12 12 
0  0]
Unload(JN*F - K menys f...) = [ 2  3  5  5  5 10 15 20 25 25  2  2  4  4  4  8 
12 16 16  0  0]
Divisor per O(D): [ 2  3  5  5  5 10 15 20 25 25  2  2  4  4  4  8 12 16 16  0  
0]

JN = 28/45          , i = [ 9 ]
.D = [ 2  3  6  6  6 12 18 24 30 30  2  2  4  4  4  8 12 16 16  0  0]
JN*F - K menys f... = [-1  1  3  5  5 10 15 20 26 25 -2  1  2  3  4  7 12 16 15 
0  0]
Unload(JN*F - K menys f...) = [ 2  3  6  6  6 12 18 24 30 30  2  2  4  4  4  8 
12 16 16  0  0]
Divisor per O(D): [ 2  3  6  6  6 12 18 24 30 30  2  2  4  4  4  8 12 16 16  0  
0]

JN = 43/68          , i = [ 18 ]
.D = [ 3  3  6  6  6 12 18 24 30 30  3  3  6  6  6 12 18 24 24  0  0]
JN*F - K menys f... = [-1  1  3  5  5 10 16 21 26 26 -2  1  2  3  4  8 12 17 16 
0  0]
Unload(JN*F - K menys f...) = [ 3  3  6  6  6 12 18 24 30 30  3  3  6  6  6 12 
18 24 24  0  0]
Divisor per O(D): [ 3  3  6  6  6 12 18 24 30 30  3  3  6  6  6 12 18 24 24  0  
0]

JN = 61/90          , i = [ 9 ]
.D = [ 3  4  7  7  7 14 21 28 35 35  3  3  6  6  6 12 18 24 24  0  0]
JN*F - K menys f... = [-1  2  4  6  6 12 18 24 31 30 -2  1  2  4  5  9 14 20 19 
0  0]
Unload(JN*F - K menys f...) = [ 3  4  7  7  7 14 21 28 35 35  3  3  6  6  6 12 
18 24 24  0  0]
Divisor per O(D): [ 3  4  7  7  7 14 21 28 35 35  3  3  6  6  6 12 18 24 24  0  
0]

JN = 11/15          , i = [ 9 ]
.D = [ 3  4  8  8  8 16 24 32 40 40  3  3  6  6  6 12 18 24 24  0  0]
JN*F - K menys f... = [-1  2  4  7  7 14 21 28 36 35 -2  1  3  5  6 11 17 23 23 
0  0]
Unload(JN*F - K menys f...) = [ 3  4  8  8  8 16 24 32 40 40  3  3  6  6  6 12 
18 24 24  0  0]
Divisor per O(D): [ 3  4  8  8  8 16 24 32 40 40  3  3  6  6  6 12 18 24 24  0  
0]

JN = 3/4            , i = [ 18 ]
.D = [ 3  4  8  8  8 16 24 32 40 40  3  4  7  7  7 14 21 28 28  0  0]
JN*F - K menys f... = [-1  2  5  7  7 15 22 30 37 37 -2  1  3  5  6 12 18 25 24 
0  0]
Unload(JN*F - K menys f...) = [ 3  4  8  8  8 16 24 32 40 40  3  4  7  7  7 14 
21 28 28  0  0]
Divisor per O(D): [ 3  4  8  8  8 16 24 32 40 40  3  4  7  7  7 14 21 28 28  0  
0]

JN = 71/90          , i = [ 9 ]
.D = [ 3  4  8  9  9 18 27 36 45 45  3  4  7  7  7 14 21 28 28  0  0]
JN*F - K menys f... = [-1  2  5  8  8 16 24 32 41 40 -2  1  3  6  7 13 20 27 27 
0  0]
Unload(JN*F - K menys f...) = [ 3  4  8  9  9 18 27 36 45 45  3  4  7  7  7 14 
21 28 28  0  0]
Divisor per O(D): [ 3  4  8  9  9 18 27 36 45 45  3  4  7  7  7 14 21 28 28  0  
0]

JN = 55/68          , i = [ 18 ]
.D = [ 4  5  9  9  9 18 27 36 45 45  4  4  8  8  8 16 24 32 32  0  0]
JN*F - K menys f... = [-1  2  5  8  8 17 25 34 42 42 -2  2  4  6  7 13 21 29 28 
0  0]
Unload(JN*F - K menys f...) = [ 4  5  9  9  9 18 27 36 45 45  4  4  8  8  8 16 
24 32 32  0  0]
Divisor per O(D): [ 4  5  9  9  9 18 27 36 45 45  4  4  8  8  8 16 24 32 32  0  
0]

JN = 38/45          , i = [ 9 ]
.D = [ 4  5 10 10 10 20 30 40 50 50  4  4  8  8  8 16 24 32 32  0  0]
JN*F - K menys f... = [-1  3  6  9  9 18 27 36 46 45 -2  2  4  6  8 15 23 31 31 
0  0]
Unload(JN*F - K menys f...) = [ 4  5 10 10 10 20 30 40 50 50  4  4  8  8  8 16 
24 32 32  0  0]
Divisor per O(D): [ 4  5 10 10 10 20 30 40 50 50  4  4  8  8  8 16 24 32 32  0  
0]

JN = 59/68          , i = [ 18 ]
.D = [ 4  5 10 10 10 20 30 40 50 50  4  5  9  9  9 18 27 36 36  0  0]
JN*F - K menys f... = [-1  3  6  9  9 19 28 38 48 47 -2  2  4  7  8 15 24 33 32 
0  0]
Unload(JN*F - K menys f...) = [ 4  5 10 10 10 20 30 40 50 50  4  5  9  9  9 18 
27 36 36  0  0]
Divisor per O(D): [ 4  5 10 10 10 20 30 40 50 50  4  5  9  9  9 18 27 36 36  0  
0]

JN = 9/10           , i = [ 9 ]
.D = [ 4  5 10 11 11 22 33 44 55 55  4  5  9  9  9 18 27 36 36  0  0]
JN*F - K menys f... = [-1  3  6 10 10 20 30 40 51 50 -2  2  5  7  9 16 26 35 35 
0  0]
Unload(JN*F - K menys f...) = [ 4  5 10 11 11 22 33 44 55 55  4  5  9  9  9 18 
27 36 36  0  0]
Divisor per O(D): [ 4  5 10 11 11 22 33 44 55 55  4  5  9  9  9 18 27 36 36  0  
0]

JN = 63/68          , i = [ 18 ]
.D = [ 4  5 10 11 11 22 33 44 55 55  4  5 10 10 10 20 30 40 40  0  0]
JN*F - K menys f... = [-1  3  7 10 10 21 32 42 53 53 -2  2  5  7  9 17 27 37 36 
0  0]
Unload(JN*F - K menys f...) = [ 4  5 10 11 11 22 33 44 55 55  4  5 10 10 10 20 
30 40 40  0  0]
Divisor per O(D): [ 4  5 10 11 11 22 33 44 55 55  4  5 10 10 10 20 30 40 40  0  
0]

JN = 43/45          , i = [ 9 ]
.D = [ 4  5 10 11 12 23 34 45 56 56  4  5 10 10 10 20 30 40 40  0  0]
JN*F - K menys f... = [-1  3  7 11 11 22 33 44 56 55 -2  2  5  8 10 18 28 38 38 
0  0]
Unload(JN*F - K menys f...) = [ 4  5 10 11 12 23 34 45 56 56  4  5 10 10 10 20 
30 40 40  0  0]
Divisor per O(D): [ 4  5 10 11 12 23 34 45 56 56  4  5 10 10 10 20 30 40 40  0  
0]

JN = 29/30          , i = [ 9 ]
.D = [ 5  6 12 12 12 24 36 48 60 60  5  5 10 10 10 20 30 40 40  0  0]
JN*F - K menys f... = [-1  3  7 11 11 22 34 45 57 56 -2  2  5  8 10 18 29 39 39 
0  0]
Unload(JN*F - K menys f...) = [ 5  6 12 12 12 24 36 48 60 60  5  5 10 10 10 20 
30 40 40  0  0]
Divisor per O(D): [ 5  6 12 12 12 24 36 48 60 60  5  5 10 10 10 20 30 40 40  0  
0]

JN = 67/68          , i = [ 18 ]
.D = [ 5  6 12 12 12 24 36 48 60 60  5  6 11 11 11 22 33 44 44  0  0]
JN*F - K menys f... = [-1  3  7 11 11 23 35 46 58 58 -2  2  5  8 10 19 30 41 40 
0  0]
Unload(JN*F - K menys f...) = [ 5  6 12 12 12 24 36 48 60 60  5  6 11 11 11 22 
33 44 44  0  0]
Divisor per O(D): [ 5  6 12 12 12 24 36 48 60 60  5  6 11 11 11 22 33 44 44  0  
0]

JN = 1              , i = [ 20, 21 ]
.D = [18 23 46 51 52 104 156 208 260 261 18 22 44 48 51 100 152 204 205 1 1]
JN*F - K menys f... = [-18 -19 -38 -39 -40 -80 -120 -160 -200 -201 -20 -19 -38 
-39 -40 -80 -121 -162 -163 0 0]
Unload(JN*F - K menys f...) = [0 0 0 0 0 0 0 0 0 0 0 0 0 0 0 0 0 0 0 0 0]
Divisor per O(D): [0 0 0 0 0 0 0 0 0 0 0 0 0 0 0 0 0 0 0 0 0]

JN = 2              , i = [ 20, 21 ]
.D = [36 46 92 102 104 208 312 416 520 522 36 44 88 96 102 200 304 408 410 2 2]
JN*F - K menys f... = [-35 -36 -72 -73 -74 -148 -222 -296 -370 -371 -38 -36 -72 
-73 -74 -148 -223 -298 -299 0 0]
Unload(JN*F - K menys f...) = [0 0 0 0 0 0 0 0 0 0 0 0 0 0 0 0 0 0 0 0 0]
Divisor per O(D): [0 0 0 0 0 0 0 0 0 0 0 0 0 0 0 0 0 0 0 0 0]

JN = 3              , i = [ 20, 21 ]

--------------------------------------------------

31/90 | ( x, h )
41/90 | ( x, h^2 )
23/45 | ( x^2, h^2, xh )
17/30 | ( h^3, x^2, xh )
28/45 | ( r, xh^2, h^3 )
43/68 | ( xh^2, h^3, x^2h, x^3 )
61/90 | ( xh^2, h^4, x^2h, x^3 )
11/15 | ( rh, h^4, rx, xh^3 )
3/4   | ( rx^2, y^4, ry, xy^3 )
71/90 | ( rx^2, x^2y^2, y^5, ry, xy^3 )
55/68 | ( h^5, x^2h^2, x^4, xh^3, x^3h )
38/45 | ( rx^2, h^5, rxh, rh^2, xh^4 )
59/68 | ( ry^2, y^5, rx^3, xy^4, rxy )
9/10  | ( x^2y^3, ry^2, xy^4, y^6, rxy, rx^3 )
63/68 | ( sxy^2, rx^2y, sy^4, rs, rx^3, sx^2y )
43/45 | ( rx^2y, sy^4, rs, rx^3, sxy^3 )
29/30 | ( rh^3, xh^5, rx^3, rx^2h, h^6, rxh^2 )
67/68 | ( xy^5, rx^2y, ry^3, rx^4, rxy^2, y^6 )
1     | f * ( 1 )
2     | f^2 * ( 1 )

Definitions:
h = y + x
r = x^2 - y^3
s = y^2 - x^3

--------------------------------------------------

JN:

[ 31/90, 41/90, 23/45, 17/30, 28/45, 43/68, 61/90, 11/15, 3/4, 71/90, 55/68, 
38/45, 59/68, 9/10, 63/68, 43/45, 29/30, 67/68 ]

[ 1 ]

[ 2 ]

JN fract:

0 + [ 31/90, 41/90, 23/45, 17/30, 28/45, 43/68, 61/90, 11/15, 3/4, 71/90, 55/68,
38/45, 59/68, 9/10, 63/68, 43/45, 29/30, 67/68 ]

1 + [ 0 ]

2 + [ 0 ]

