f = (x^2-y^3)
g = 1

JN:
[ 0, 5/6 ]
[ 1, 11/6 ]
[ 2, 17/6 ]
[ 3, 23/6 ]
[ 4, 29/6 ]
[ 5, 35/6 ]
[ 6, 41/6 ]
[ 7, 47/6 ]
[ 8, 53/6 ]
[ 9, 59/6 ]
[ 10, 65/6 ]
[ 11, 71/6 ]
[ 12, 77/6 ]
[ 13, 83/6 ]
[ 14, 89/6 ]
[ 15, 95/6 ]
[ 16, 101/6 ]
[ 17, 107/6 ]
[ 18, 113/6 ]
[ 19, 119/6 ]

Numerators:
[ 0, 5 ]
[ 6, 11 ]
[ 12, 17 ]
[ 18, 23 ]
[ 24, 29 ]
[ 30, 35 ]
[ 36, 41 ]
[ 42, 47 ]
[ 48, 53 ]
[ 54, 59 ]
[ 60, 65 ]
[ 66, 71 ]
[ 72, 77 ]
[ 78, 83 ]
[ 84, 89 ]
[ 90, 95 ]
[ 96, 101 ]
[ 102, 107 ]
[ 108, 113 ]
[ 114, 119 ]

Numerators - floor:
0 + [ 0, 5 ]
1 + [ 0, 5 ]
2 + [ 0, 5 ]
3 + [ 0, 5 ]
4 + [ 0, 5 ]
5 + [ 0, 5 ]
6 + [ 0, 5 ]
7 + [ 0, 5 ]
8 + [ 0, 5 ]
9 + [ 0, 5 ]
10 + [ 0, 5 ]
11 + [ 0, 5 ]
12 + [ 0, 5 ]
13 + [ 0, 5 ]
14 + [ 0, 5 ]
15 + [ 0, 5 ]
16 + [ 0, 5 ]
17 + [ 0, 5 ]
18 + [ 0, 5 ]
19 + [ 0, 5 ]
