f = (x^2-y^3)*(x^2+y^3)
g = y^2-x^3

JN:
[ 0, 5/8, 7/8 ]
[ 1 ]
[ 2 ]
[ 3 ]
[ 4 ]
[ 5 ]
[ 6 ]
[ 7 ]
[ 8 ]
[ 9 ]
[ 10 ]
[ 11 ]
[ 12 ]
[ 13 ]
[ 14 ]
[ 15 ]
[ 16 ]
[ 17 ]
[ 18 ]
[ 19 ]

Numerators:
[ 0, 5, 7 ]
[ 8 ]
[ 16 ]
[ 24 ]
[ 32 ]
[ 40 ]
[ 48 ]
[ 56 ]
[ 64 ]
[ 72 ]
[ 80 ]
[ 88 ]
[ 96 ]
[ 104 ]
[ 112 ]
[ 120 ]
[ 128 ]
[ 136 ]
[ 144 ]
[ 152 ]

Numerators - floor:
0 + [ 0, 5, 7 ]
1 + [ 0 ]
2 + [ 0 ]
3 + [ 0 ]
4 + [ 0 ]
5 + [ 0 ]
6 + [ 0 ]
7 + [ 0 ]
8 + [ 0 ]
9 + [ 0 ]
10 + [ 0 ]
11 + [ 0 ]
12 + [ 0 ]
13 + [ 0 ]
14 + [ 0 ]
15 + [ 0 ]
16 + [ 0 ]
17 + [ 0 ]
18 + [ 0 ]
19 + [ 0 ]
