f = (y^2-x^3)^5 + x^18
g = (y^2-x^3)^5

A = [ 10  15  30  35  36  36  72 108 144 180 181]
B = [ 10  15  30  35  40  45  75 110 145 180 180]
C = [
<1, 0>,
<1, 0>,
<0, 1>,
<1, 1>,
<1, 0>,
<1, 0>,
<0, 1>,
<0, 1>,
<0, 1>,
<0, 1>,
<1, -1/2>
]
AmB (>0) = [0 0 0 0 0 0 0 0 0 0 1]
P = 
[ 1  0  0  0  0  0  0  0  0  0  0]
[-1  1  0  0  0  0  0  0  0  0  0]
[-1 -1  1  0  0  0  0  0  0  0  0]
[ 0  0 -1  1  0  0  0  0  0  0  0]
[ 0  0  0 -1  1  0  0  0  0  0  0]
[ 0  0  0  0 -1  1  0  0  0  0  0]
[ 0  0  0 -1 -1  0  1  0  0  0  0]
[ 0  0  0 -1  0  0 -1  1  0  0  0]
[ 0  0  0 -1  0  0  0 -1  1  0  0]
[ 0  0  0 -1  0  0  0  0 -1  1  0]
[ 0  0  0  0  0  0  0  0  0 -1  1]

.D = [0 0 0 0 0 0 0 0 0 0 0 0]
JN*F - K menys f... = [ -1  -2  -4  -5  -6  -7 -12 -18 -24 -30 -31   0]
Unload(JN*F - K menys f...) = [0 0 0 0 0 0 0 0 0 0 0 0]

JN = 1              , i = [ 12 ]
.D = [ 10  15  30  35  36  36  72 108 144 180 181   1]
JN*F - K menys f... = [ -11  -17  -34  -40  -42  -43  -84 -126 -168 -210 -211   
0]
Unload(JN*F - K menys f...) = [0 0 0 0 0 0 0 0 0 0 0 0]
Divisor per O(D): [0 0 0 0 0 0 0 0 0 0 0 0]

JN = 2              , i = [ 12 ]
.D = [ 20  30  60  70  72  72 144 216 288 360 362   2]
JN*F - K menys f... = [ -21  -32  -64  -75  -78  -79 -156 -234 -312 -390 -391   
0]
Unload(JN*F - K menys f...) = [0 0 0 0 0 0 0 0 0 0 0 0]
Divisor per O(D): [0 0 0 0 0 0 0 0 0 0 0 0]

JN = 3              , i = [ 12 ]
.D = [ 30  45  90 105 108 108 216 324 432 540 543   3]
JN*F - K menys f... = [ -31  -47  -94 -110 -114 -115 -228 -342 -456 -570 -571   
0]
Unload(JN*F - K menys f...) = [0 0 0 0 0 0 0 0 0 0 0 0]
Divisor per O(D): [0 0 0 0 0 0 0 0 0 0 0 0]

JN = 4              , i = [ 12 ]

--------------------------------------------------

1     | f * ( 1 )
2     | f^2 * ( 1 )
3     | f^3 * ( 1 )

--------------------------------------------------

JN:

[]

[ 1 ]

[ 2 ]

[ 3 ]

JN fract:

0 + []

1 + [ 0 ]

2 + [ 0 ]

3 + [ 0 ]

