f = (y^2-x^3)^5 + x^18
g = (y^2-x^3)^3

A = [ 10  15  30  35  36  36  72 108 144 180 181  36  36  36]
B = [  6   9  18  21  24  27  45  66  87 108 108  30  33  36]
C = [
<1, 0>,
<1, 0>,
<0, 1>,
<1, 1>,
<1, 0>,
<1, 0>,
<0, 1>,
<0, 1>,
<0, 1>,
<0, 1>,
<1, -1/2>,
<1, 0>,
<1, 0>,
<1, 0>
]
AmB (>0) = [ 4  6 12 14 12  9 27 42 57 72 73  6  3  0]
P = 
[ 1  0  0  0  0  0  0  0  0  0  0  0  0  0]
[-1  1  0  0  0  0  0  0  0  0  0  0  0  0]
[-1 -1  1  0  0  0  0  0  0  0  0  0  0  0]
[ 0  0 -1  1  0  0  0  0  0  0  0  0  0  0]
[ 0  0  0 -1  1  0  0  0  0  0  0  0  0  0]
[ 0  0  0  0 -1  1  0  0  0  0  0  0  0  0]
[ 0  0  0 -1 -1  0  1  0  0  0  0  0  0  0]
[ 0  0  0 -1  0  0 -1  1  0  0  0  0  0  0]
[ 0  0  0 -1  0  0  0 -1  1  0  0  0  0  0]
[ 0  0  0 -1  0  0  0  0 -1  1  0  0  0  0]
[ 0  0  0  0  0  0  0  0  0 -1  1  0  0  0]
[ 0  0  0  0  0 -1  0  0  0  0  0  1  0  0]
[ 0  0  0  0  0  0  0  0  0  0  0 -1  1  0]
[ 0  0  0  0  0  0  0  0  0  0  0  0 -1  1]

.D = [0 0 0 0 0 0 0 0 0 0 0 0 0 0 0]
JN*F - K menys f... = [ -1  -2  -4  -5  -6  -7 -12 -18 -24 -30 -31  -8  -9 -10  
0]
Unload(JN*F - K menys f...) = [0 0 0 0 0 0 0 0 0 0 0 0 0 0 0]

JN = 5/12           , i = [ 3 ]
.D = [ 1  1  2  2  2  2  4  6  8 10 10  2  2  2  0]
JN*F - K menys f... = [  0   0   1   0  -1  -4  -1  -1  -1   0  -1  -6  -8 -10  
0]
Unload(JN*F - K menys f...) = [ 1  1  2  2  2  2  4  6  8 10 10  2  2  2  0]
Divisor per O(D): [ 1  1  2  2  2  2  4  6  8 10 10  2  2  2  0]

JN = 41/72          , i = [ 10 ]
.D = [ 1  2  3  3  3  3  6  9 12 15 15  3  3  3  0]
JN*F - K menys f... = [  1   1   2   2   0  -2   3   5   8  11  10  -5  -8 -10  
0]
Unload(JN*F - K menys f...) = [ 1  2  3  3  3  3  6  9 12 15 15  3  3  3  0]
Divisor per O(D): [ 1  2  3  3  3  3  6  9 12 15 15  3  3  3  0]

JN = 23/36          , i = [ 10 ]
.D = [ 2  2  4  4  4  4  8 12 16 20 20  4  4  4  0]
JN*F - K menys f... = [  1   1   3   3   1  -2   5   8  12  16  15  -5  -8 -10  
0]
Unload(JN*F - K menys f...) = [ 2  2  4  4  4  4  8 12 16 20 20  4  4  4  0]
Divisor per O(D): [ 2  2  4  4  4  4  8 12 16 20 20  4  4  4  0]

JN = 17/24          , i = [ 10 ]
.D = [ 2  3  5  5  5  5 10 15 20 25 25  5  5  5  0]
JN*F - K menys f... = [  1   2   4   4   2  -1   7  11  16  21  20  -4  -7 -10  
0]
Unload(JN*F - K menys f...) = [ 2  3  5  5  5  5 10 15 20 25 25  5  5  5  0]
Divisor per O(D): [ 2  3  5  5  5  5 10 15 20 25 25  5  5  5  0]

JN = 7/9            , i = [ 10 ]
.D = [ 2  3  6  6  6  6 12 18 24 30 30  6  6  6  0]
JN*F - K menys f... = [  2   2   5   5   3   0   9  14  20  26  25  -4  -7 -10  
0]
Unload(JN*F - K menys f...) = [ 2  3  6  6  6  6 12 18 24 30 30  6  6  6  0]
Divisor per O(D): [ 2  3  6  6  6  6 12 18 24 30 30  6  6  6  0]

JN = 61/72          , i = [ 10 ]
.D = [ 2  3  6  7  7  7 14 21 28 35 35  7  7  7  0]
JN*F - K menys f... = [  2   3   6   6   4   0  10  17  24  31  30  -3  -7 -10  
0]
Unload(JN*F - K menys f...) = [ 2  3  6  7  7  7 14 21 28 35 35  7  7  7  0]
Divisor per O(D): [ 2  3  6  7  7  7 14 21 28 35 35  7  7  7  0]

JN = 11/12          , i = [ 3, 10 ]
.D = [ 3  4  8  8  8  8 16 24 32 40 40  8  8  8  0]
JN*F - K menys f... = [  2   3   7   7   5   1  12  20  28  36  35  -3  -7 -10  
0]
Unload(JN*F - K menys f...) = [ 3  4  8  8  8  8 16 24 32 40 40  8  8  8  0]
Divisor per O(D): [ 3  4  8  8  8  8 16 24 32 40 40  8  8  8  0]

JN = 71/72          , i = [ 10 ]
.D = [ 3  4  8  9  9  9 18 27 36 45 45  9  9  9  0]
JN*F - K menys f... = [  2   3   7   8   5   1  14  23  32  41  40  -3  -7 -10  
0]
Unload(JN*F - K menys f...) = [ 3  4  8  9  9  9 18 27 36 45 45  9  9  9  0]
Divisor per O(D): [ 3  4  8  9  9  9 18 27 36 45 45  9  9  9  0]

JN = 1              , i = [ 15 ]
.D = [ 10  15  30  35  36  36  72 108 144 180 181  36  36  36   1]
JN*F - K menys f... = [  -7  -11  -22  -26  -30  -34  -57  -84 -111 -138 -139  
-38  -42  -46    0]
Unload(JN*F - K menys f...) = [0 0 0 0 0 0 0 0 0 0 0 0 0 0 0]
Divisor per O(D): [0 0 0 0 0 0 0 0 0 0 0 0 0 0 0]

JN = 2              , i = [ 15 ]
.D = [ 20  30  60  70  72  72 144 216 288 360 362  72  72  72   2]
JN*F - K menys f... = [ -13  -20  -40  -47  -54  -61 -102 -150 -198 -246 -247  
-68  -75  -82    0]
Unload(JN*F - K menys f...) = [0 0 0 0 0 0 0 0 0 0 0 0 0 0 0]
Divisor per O(D): [0 0 0 0 0 0 0 0 0 0 0 0 0 0 0]

JN = 3              , i = [ 15 ]
.D = [ 30  45  90 105 108 108 216 324 432 540 543 108 108 108   3]
JN*F - K menys f... = [ -19  -29  -58  -68  -78  -88 -147 -216 -285 -354 -355  
-98 -108 -118    0]
Unload(JN*F - K menys f...) = [0 0 0 0 0 0 0 0 0 0 0 0 0 0 0]
Divisor per O(D): [0 0 0 0 0 0 0 0 0 0 0 0 0 0 0]

JN = 4              , i = [ 15 ]

--------------------------------------------------

5/12  | ( x, y )
41/72 | ( y, x^2 )
23/36 | ( x^2, xy, y^2 )
17/24 | ( x^3, xy, y^2 )
7/9   | ( h, x^3, x^2y )
61/72 | ( h, x^2y, x^4, xy^2 )
11/12 | ( x^3y, hy, x^4, hx )
71/72 | ( x^3y, hy, x^2y^2, hx, x^5 )
1     | f * ( 1 )
2     | f^2 * ( 1 )
3     | f^3 * ( 1 )

Definitions:
h = y^2 - x^3

--------------------------------------------------

JN:

[ 5/12, 41/72, 23/36, 17/24, 7/9, 61/72, 11/12, 71/72 ]

[ 1 ]

[ 2 ]

[ 3 ]

JN fract:

0 + [ 5/12, 41/72, 23/36, 17/24, 7/9, 61/72, 11/12, 71/72 ]

1 + [ 0 ]

2 + [ 0 ]

3 + [ 0 ]

