f = (y^2-x^3)^4 + x^8*y^5
g = (y^2-x^3)^1

A = [8 12 24 28 31 31 60 92 124 125 31 31 31 31 31 31 31 31 31 31 31 31 31 31 31
31 31 31 31 31 31 31]
B = [2 3 6 7 8 9 15 23 31 31 10 11 12 13 14 15 16 17 18 19 20 21 22 23 24 25 26 
27 28 29 30 31]
C = [
<1, 0>,
<1, 0>,
<0, 1>,
<1, 1>,
<1, 0>,
<1, 0>,
<0, 1>,
<0, 1>,
<0, 1>,
<1, r1>,
<1, 0>,
<1, 0>,
<1, 0>,
<1, 0>,
<1, 0>,
<1, 0>,
<1, 0>,
<1, 0>,
<1, 0>,
<1, 0>,
<1, 0>,
<1, 0>,
<1, 0>,
<1, 0>,
<1, 0>,
<1, 0>,
<1, 0>,
<1, 0>,
<1, 0>,
<1, 0>,
<1, 0>,
<1, 0>
]
AmB (>0) = [6 9 18 21 23 22 45 69 93 94 21 20 19 18 17 16 15 14 13 12 11 10 9 8 
7 6 5 4 3 2 1 0]
P = 
[1 0 0 0 0 0 0 0 0 0 0 0 0 0 0 0 0 0 0 0 0 0 0 0 0 0 0 0 0 0 0 0]
[-1 1 0 0 0 0 0 0 0 0 0 0 0 0 0 0 0 0 0 0 0 0 0 0 0 0 0 0 0 0 0 0]
[-1 -1 1 0 0 0 0 0 0 0 0 0 0 0 0 0 0 0 0 0 0 0 0 0 0 0 0 0 0 0 0 0]
[0 0 -1 1 0 0 0 0 0 0 0 0 0 0 0 0 0 0 0 0 0 0 0 0 0 0 0 0 0 0 0 0]
[0 0 0 -1 1 0 0 0 0 0 0 0 0 0 0 0 0 0 0 0 0 0 0 0 0 0 0 0 0 0 0 0]
[0 0 0 0 -1 1 0 0 0 0 0 0 0 0 0 0 0 0 0 0 0 0 0 0 0 0 0 0 0 0 0 0]
[0 0 0 -1 -1 0 1 0 0 0 0 0 0 0 0 0 0 0 0 0 0 0 0 0 0 0 0 0 0 0 0 0]
[0 0 0 0 -1 0 -1 1 0 0 0 0 0 0 0 0 0 0 0 0 0 0 0 0 0 0 0 0 0 0 0 0]
[0 0 0 0 -1 0 0 -1 1 0 0 0 0 0 0 0 0 0 0 0 0 0 0 0 0 0 0 0 0 0 0 0]
[0 0 0 0 0 0 0 0 -1 1 0 0 0 0 0 0 0 0 0 0 0 0 0 0 0 0 0 0 0 0 0 0]
[0 0 0 0 0 -1 0 0 0 0 1 0 0 0 0 0 0 0 0 0 0 0 0 0 0 0 0 0 0 0 0 0]
[0 0 0 0 0 0 0 0 0 0 -1 1 0 0 0 0 0 0 0 0 0 0 0 0 0 0 0 0 0 0 0 0]
[0 0 0 0 0 0 0 0 0 0 0 -1 1 0 0 0 0 0 0 0 0 0 0 0 0 0 0 0 0 0 0 0]
[0 0 0 0 0 0 0 0 0 0 0 0 -1 1 0 0 0 0 0 0 0 0 0 0 0 0 0 0 0 0 0 0]
[0 0 0 0 0 0 0 0 0 0 0 0 0 -1 1 0 0 0 0 0 0 0 0 0 0 0 0 0 0 0 0 0]
[0 0 0 0 0 0 0 0 0 0 0 0 0 0 -1 1 0 0 0 0 0 0 0 0 0 0 0 0 0 0 0 0]
[0 0 0 0 0 0 0 0 0 0 0 0 0 0 0 -1 1 0 0 0 0 0 0 0 0 0 0 0 0 0 0 0]
[0 0 0 0 0 0 0 0 0 0 0 0 0 0 0 0 -1 1 0 0 0 0 0 0 0 0 0 0 0 0 0 0]
[0 0 0 0 0 0 0 0 0 0 0 0 0 0 0 0 0 -1 1 0 0 0 0 0 0 0 0 0 0 0 0 0]
[0 0 0 0 0 0 0 0 0 0 0 0 0 0 0 0 0 0 -1 1 0 0 0 0 0 0 0 0 0 0 0 0]
[0 0 0 0 0 0 0 0 0 0 0 0 0 0 0 0 0 0 0 -1 1 0 0 0 0 0 0 0 0 0 0 0]
[0 0 0 0 0 0 0 0 0 0 0 0 0 0 0 0 0 0 0 0 -1 1 0 0 0 0 0 0 0 0 0 0]
[0 0 0 0 0 0 0 0 0 0 0 0 0 0 0 0 0 0 0 0 0 -1 1 0 0 0 0 0 0 0 0 0]
[0 0 0 0 0 0 0 0 0 0 0 0 0 0 0 0 0 0 0 0 0 0 -1 1 0 0 0 0 0 0 0 0]
[0 0 0 0 0 0 0 0 0 0 0 0 0 0 0 0 0 0 0 0 0 0 0 -1 1 0 0 0 0 0 0 0]
[0 0 0 0 0 0 0 0 0 0 0 0 0 0 0 0 0 0 0 0 0 0 0 0 -1 1 0 0 0 0 0 0]
[0 0 0 0 0 0 0 0 0 0 0 0 0 0 0 0 0 0 0 0 0 0 0 0 0 -1 1 0 0 0 0 0]
[0 0 0 0 0 0 0 0 0 0 0 0 0 0 0 0 0 0 0 0 0 0 0 0 0 0 -1 1 0 0 0 0]
[0 0 0 0 0 0 0 0 0 0 0 0 0 0 0 0 0 0 0 0 0 0 0 0 0 0 0 -1 1 0 0 0]
[0 0 0 0 0 0 0 0 0 0 0 0 0 0 0 0 0 0 0 0 0 0 0 0 0 0 0 0 -1 1 0 0]
[0 0 0 0 0 0 0 0 0 0 0 0 0 0 0 0 0 0 0 0 0 0 0 0 0 0 0 0 0 -1 1 0]
[0 0 0 0 0 0 0 0 0 0 0 0 0 0 0 0 0 0 0 0 0 0 0 0 0 0 0 0 0 0 -1 1]

.D = [0 0 0 0 0 0 0 0 0 0 0 0 0 0 0 0 0 0 0 0 0 0 0 0 0 0 0 0 0 0 0 0 0]
JN*F - K menys f... = [-1 -2 -4 -5 -6 -7 -12 -19 -26 -27 -8 -9 -10 -11 -12 -13 
-14 -15 -16 -17 -18 -19 -20 -21 -22 -23 -24 -25 -26 -27 -28 -29 0]
Unload(JN*F - K menys f...) = [0 0 0 0 0 0 0 0 0 0 0 0 0 0 0 0 0 0 0 0 0 0 0 0 0
0 0 0 0 0 0 0 0]

JN = 5/18           , i = [ 3 ]
.D = [1 1 2 2 2 2 4 6 8 8 2 2 2 2 2 2 2 2 2 2 2 2 2 2 2 2 2 2 2 2 2 2 0]
JN*F - K menys f... = [0 0 1 0 0 -1 0 0 -1 -1 -3 -4 -5 -6 -8 -9 -10 -12 -13 -14 
-15 -17 -18 -19 -21 -22 -23 -24 -26 -27 -28 -29 0]
Unload(JN*F - K menys f...) = [1 1 2 2 2 2 4 6 8 8 2 2 2 2 2 2 2 2 2 2 2 2 2 2 2
2 2 2 2 2 2 2 0]
Divisor per O(D): [1 1 2 2 2 2 4 6 8 8 2 2 2 2 2 2 2 2 2 2 2 2 2 2 2 2 2 2 2 2 2
2 0]

JN = 35/93          , i = [ 9 ]
.D = [1 2 3 3 3 3 6 9 12 12 3 3 3 3 3 3 3 3 3 3 3 3 3 3 3 3 3 3 3 3 3 3 0]
JN*F - K menys f... = [1 1 2 2 2 1 4 6 9 8 -1 -2 -3 -5 -6 -7 -9 -10 -12 -13 -14 
-16 -17 -18 -20 -21 -23 -24 -25 -27 -28 -29 0]
Unload(JN*F - K menys f...) = [1 2 3 3 3 3 6 9 12 12 3 3 3 3 3 3 3 3 3 3 3 3 3 3
3 3 3 3 3 3 3 3 0]
Divisor per O(D): [1 2 3 3 3 3 6 9 12 12 3 3 3 3 3 3 3 3 3 3 3 3 3 3 3 3 3 3 3 3
3 3 0]

JN = 13/31          , i = [ 9 ]
.D = [2 2 4 4 4 4 8 12 16 16 4 4 4 4 4 4 4 4 4 4 4 4 4 4 4 4 4 4 4 4 4 4 0]
JN*F - K menys f... = [1 1 3 3 3 2 6 9 13 12 0 -1 -3 -4 -5 -7 -8 -10 -11 -12 -14
-15 -17 -18 -20 -21 -22 -24 -25 -27 -28 -29 0]
Unload(JN*F - K menys f...) = [2 2 4 4 4 4 8 12 16 16 4 4 4 4 4 4 4 4 4 4 4 4 4 
4 4 4 4 4 4 4 4 4 0]
Divisor per O(D): [2 2 4 4 4 4 8 12 16 16 4 4 4 4 4 4 4 4 4 4 4 4 4 4 4 4 4 4 4 
4 4 4 0]

JN = 43/93          , i = [ 9 ]
.D = [2 3 5 5 5 5 10 15 20 20 5 5 5 5 5 5 5 5 5 5 5 5 5 5 5 5 5 5 5 5 5 5 0]
JN*F - K menys f... = [1 2 4 4 4 3 8 12 17 16 1 0 -2 -3 -5 -6 -8 -9 -10 -12 -13 
-15 -16 -18 -19 -21 -22 -24 -25 -27 -28 -29 0]
Unload(JN*F - K menys f...) = [2 3 5 5 5 5 10 15 20 20 5 5 5 5 5 5 5 5 5 5 5 5 5
5 5 5 5 5 5 5 5 5 0]
Divisor per O(D): [2 3 5 5 5 5 10 15 20 20 5 5 5 5 5 5 5 5 5 5 5 5 5 5 5 5 5 5 5
5 5 5 0]

JN = 47/93          , i = [ 9 ]
.D = [2 3 6 6 6 6 12 18 24 24 6 6 6 6 6 6 6 6 6 6 6 6 6 6 6 6 6 6 6 6 6 6 0]
JN*F - K menys f... = [2 2 5 5 5 4 10 15 21 20 2 1 -1 -2 -4 -5 -7 -8 -10 -11 -13
-14 -16 -17 -19 -20 -22 -23 -25 -26 -28 -29 0]
Unload(JN*F - K menys f...) = [2 3 6 6 6 6 12 18 24 24 6 6 6 6 6 6 6 6 6 6 6 6 6
6 6 6 6 6 6 6 6 6 0]
Divisor per O(D): [2 3 6 6 6 6 12 18 24 24 6 6 6 6 6 6 6 6 6 6 6 6 6 6 6 6 6 6 6
6 6 6 0]

JN = 17/31          , i = [ 9 ]
.D = [2 3 6 7 7 7 14 21 28 28 7 7 7 7 7 7 7 7 7 7 7 7 7 7 7 7 7 7 7 7 7 7 0]
JN*F - K menys f... = [2 2 5 6 6 5 12 18 25 24 3 1 0 -2 -3 -5 -6 -8 -9 -11 -12 
-14 -16 -17 -19 -20 -22 -23 -25 -26 -28 -29 0]
Unload(JN*F - K menys f...) = [2 3 6 7 7 7 14 21 28 28 7 7 7 7 7 7 7 7 7 7 7 7 7
7 7 7 7 7 7 7 7 7 0]
Divisor per O(D): [2 3 6 7 7 7 14 21 28 28 7 7 7 7 7 7 7 7 7 7 7 7 7 7 7 7 7 7 7
7 7 7 0]

JN = 55/93          , i = [ 9 ]
.D = [2 3 6 7 8 8 15 23 31 31 8 8 8 8 8 8 8 8 8 8 8 8 8 8 8 8 8 8 8 8 8 8 0]
JN*F - K menys f... = [2 3 6 7 7 6 14 21 29 28 4 2 1 -1 -2 -4 -6 -7 -9 -10 -12 
-14 -15 -17 -18 -20 -22 -23 -25 -26 -28 -29 0]
Unload(JN*F - K menys f...) = [2 3 6 7 8 8 15 23 31 31 8 8 8 8 8 8 8 8 8 8 8 8 8
8 8 8 8 8 8 8 8 8 0]
Divisor per O(D): [2 3 6 7 8 8 15 23 31 31 8 8 8 8 8 8 8 8 8 8 8 8 8 8 8 8 8 8 8
8 8 8 0]

JN = 11/18          , i = [ 3 ]
.D = [3 4 8 8 8 8 16 24 32 32 8 8 8 8 8 8 8 8 8 8 8 8 8 8 8 8 8 8 8 8 8 8 0]
JN*F - K menys f... = [2 3 7 7 8 6 15 23 30 30 4 3 1 0 -2 -4 -5 -7 -9 -10 -12 
-13 -15 -17 -18 -20 -21 -23 -25 -26 -28 -29 0]
Unload(JN*F - K menys f...) = [3 4 8 8 8 8 16 24 32 32 8 8 8 8 8 8 8 8 8 8 8 8 8
8 8 8 8 8 8 8 8 8 0]
Divisor per O(D): [3 4 8 8 8 8 16 24 32 32 8 8 8 8 8 8 8 8 8 8 8 8 8 8 8 8 8 8 8
8 8 8 0]

JN = 59/93          , i = [ 9 ]
.D = [3 4 8 9 9 9 18 27 36 36 9 9 9 9 9 9 9 9 9 9 9 9 9 9 9 9 9 9 9 9 9 9 0]
JN*F - K menys f... = [2 3 7 8 8 6 16 24 33 32 5 3 2 0 -2 -3 -5 -7 -8 -10 -12 
-13 -15 -16 -18 -20 -21 -23 -25 -26 -28 -29 0]
Unload(JN*F - K menys f...) = [3 4 8 9 9 9 18 27 36 36 9 9 9 9 9 9 9 9 9 9 9 9 9
9 9 9 9 9 9 9 9 9 0]
Divisor per O(D): [3 4 8 9 9 9 18 27 36 36 9 9 9 9 9 9 9 9 9 9 9 9 9 9 9 9 9 9 9
9 9 9 0]

JN = 21/31          , i = [ 9 ]
.D = [3 4 8 9 10 10 19 29 39 39 10 10 10 10 10 10 10 10 10 10 10 10 10 10 10 10 
10 10 10 10 10 10 0]
JN*F - K menys f... = [3 4 8 9 9 7 18 27 37 36 6 4 2 1 -1 -3 -4 -6 -8 -9 -11 -13
-14 -16 -18 -19 -21 -23 -24 -26 -28 -29 0]
Unload(JN*F - K menys f...) = [3 4 8 9 10 10 19 29 39 39 10 10 10 10 10 10 10 10
10 10 10 10 10 10 10 10 10 10 10 10 10 10 0]
Divisor per O(D): [3 4 8 9 10 10 19 29 39 39 10 10 10 10 10 10 10 10 10 10 10 10
10 10 10 10 10 10 10 10 10 10 0]

JN = 22/31          , i = [ 9 ]
.D = [3 5 9 10 10 10 20 30 40 40 10 10 10 10 10 10 10 10 10 10 10 10 10 10 10 10 
10 10 10 10 10 10 0]
JN*F - K menys f... = [3 4 8 9 10 8 19 29 40 39 6 5 3 1 0 -2 -4 -6 -7 -9 -11 -12
-14 -16 -18 -19 -21 -23 -24 -26 -28 -29 0]
Unload(JN*F - K menys f...) = [3 5 9 10 10 10 20 30 40 40 10 10 10 10 10 10 10 
10 10 10 10 10 10 10 10 10 10 10 10 10 10 10 0]
Divisor per O(D): [3 5 9 10 10 10 20 30 40 40 10 10 10 10 10 10 10 10 10 10 10 
10 10 10 10 10 10 10 10 10 10 10 0]

JN = 67/93          , i = [ 9 ]
.D = [3 5 9 10 11 11 21 32 43 43 11 11 11 11 11 11 11 11 11 11 11 11 11 11 11 11 
11 11 11 11 11 11 0]
JN*F - K menys f... = [3 4 8 10 10 8 20 30 41 40 7 5 3 1 0 -2 -4 -5 -7 -9 -11 
-12 -14 -16 -17 -19 -21 -23 -24 -26 -28 -29 0]
Unload(JN*F - K menys f...) = [3 5 9 10 11 11 21 32 43 43 11 11 11 11 11 11 11 
11 11 11 11 11 11 11 11 11 11 11 11 11 11 11 0]
Divisor per O(D): [3 5 9 10 11 11 21 32 43 43 11 11 11 11 11 11 11 11 11 11 11 
11 11 11 11 11 11 11 11 11 11 11 0]

JN = 70/93          , i = [ 9 ]
.D = [4 5 10 11 11 11 22 33 44 44 11 11 11 11 11 11 11 11 11 11 11 11 11 11 11 11
11 11 11 11 11 11 0]
JN*F - K menys f... = [3 4 9 10 11 9 21 32 44 43 7 6 4 2 0 -1 -3 -5 -7 -8 -10 
-12 -14 -15 -17 -19 -21 -22 -24 -26 -28 -29 0]
Unload(JN*F - K menys f...) = [4 5 10 11 11 11 22 33 44 44 11 11 11 11 11 11 11 
11 11 11 11 11 11 11 11 11 11 11 11 11 11 11 0]
Divisor per O(D): [4 5 10 11 11 11 22 33 44 44 11 11 11 11 11 11 11 11 11 11 11 
11 11 11 11 11 11 11 11 11 11 11 0]

JN = 71/93          , i = [ 9 ]
.D = [4 5 10 11 12 12 23 35 47 47 12 12 12 12 12 12 12 12 12 12 12 12 12 12 12 12
12 12 12 12 12 12 0]
JN*F - K menys f... = [3 4 9 11 11 9 22 33 45 44 8 6 4 2 0 -1 -3 -5 -7 -8 -10 
-12 -14 -15 -17 -19 -21 -22 -24 -26 -28 -29 0]
Unload(JN*F - K menys f...) = [4 5 10 11 12 12 23 35 47 47 12 12 12 12 12 12 12 
12 12 12 12 12 12 12 12 12 12 12 12 12 12 12 0]
Divisor per O(D): [4 5 10 11 12 12 23 35 47 47 12 12 12 12 12 12 12 12 12 12 12 
12 12 12 12 12 12 12 12 12 12 12 0]

JN = 74/93          , i = [ 9 ]
.D = [4 6 11 12 12 12 24 36 48 48 12 12 12 12 12 12 12 12 12 12 12 12 12 12 12 12
12 12 12 12 12 12 0]
JN*F - K menys f... = [3 5 10 11 12 10 23 35 48 47 8 6 5 3 1 -1 -3 -4 -6 -8 -10 
-12 -13 -15 -17 -19 -21 -22 -24 -26 -28 -29 0]
Unload(JN*F - K menys f...) = [4 6 11 12 12 12 24 36 48 48 12 12 12 12 12 12 12 
12 12 12 12 12 12 12 12 12 12 12 12 12 12 12 0]
Divisor per O(D): [4 6 11 12 12 12 24 36 48 48 12 12 12 12 12 12 12 12 12 12 12 
12 12 12 12 12 12 12 12 12 12 12 0]

JN = 25/31          , i = [ 9 ]
.D = [4 6 11 12 13 13 25 38 51 51 13 13 13 13 13 13 13 13 13 13 13 13 13 13 13 13
13 13 13 13 13 13 0]
JN*F - K menys f... = [3 5 10 11 12 10 24 36 49 48 8 7 5 3 1 -1 -2 -4 -6 -8 -10 
-11 -13 -15 -17 -19 -20 -22 -24 -26 -28 -29 0]
Unload(JN*F - K menys f...) = [4 6 11 12 13 13 25 38 51 51 13 13 13 13 13 13 13 
13 13 13 13 13 13 13 13 13 13 13 13 13 13 13 0]
Divisor per O(D): [4 6 11 12 13 13 25 38 51 51 13 13 13 13 13 13 13 13 13 13 13 
13 13 13 13 13 13 13 13 13 13 13 0]

JN = 26/31          , i = [ 9 ]
.D = [4 6 12 13 13 13 26 39 52 52 13 13 13 13 13 13 13 13 13 13 13 13 13 13 13 13
13 13 13 13 13 13 0]
JN*F - K menys f... = [4 5 11 12 13 11 25 38 52 51 9 7 5 4 2 0 -2 -4 -6 -7 -9 
-11 -13 -15 -17 -18 -20 -22 -24 -26 -28 -29 0]
Unload(JN*F - K menys f...) = [4 6 12 13 13 13 26 39 52 52 13 13 13 13 13 13 13 
13 13 13 13 13 13 13 13 13 13 13 13 13 13 13 0]
Divisor per O(D): [4 6 12 13 13 13 26 39 52 52 13 13 13 13 13 13 13 13 13 13 13 
13 13 13 13 13 13 13 13 13 13 13 0]

JN = 79/93          , i = [ 9 ]
.D = [4 6 12 13 14 14 27 41 55 55 14 14 14 14 14 14 14 14 14 14 14 14 14 14 14 14
14 14 14 14 14 14 0]
JN*F - K menys f... = [4 5 11 12 13 11 26 39 53 52 9 7 6 4 2 0 -2 -4 -5 -7 -9 
-11 -13 -15 -17 -18 -20 -22 -24 -26 -28 -29 0]
Unload(JN*F - K menys f...) = [4 6 12 13 14 14 27 41 55 55 14 14 14 14 14 14 14 
14 14 14 14 14 14 14 14 14 14 14 14 14 14 14 0]
Divisor per O(D): [4 6 12 13 14 14 27 41 55 55 14 14 14 14 14 14 14 14 14 14 14 
14 14 14 14 14 14 14 14 14 14 14 0]

JN = 82/93          , i = [ 9 ]
.D = [4 6 12 14 14 14 28 42 56 56 14 14 14 14 14 14 14 14 14 14 14 14 14 14 14 14
14 14 14 14 14 14 0]
JN*F - K menys f... = [4 5 11 13 14 12 27 41 56 55 10 8 6 4 2 1 -1 -3 -5 -7 -9 
-11 -13 -14 -16 -18 -20 -22 -24 -26 -28 -29 0]
Unload(JN*F - K menys f...) = [4 6 12 14 14 14 28 42 56 56 14 14 14 14 14 14 14 
14 14 14 14 14 14 14 14 14 14 14 14 14 14 14 0]
Divisor per O(D): [4 6 12 14 14 14 28 42 56 56 14 14 14 14 14 14 14 14 14 14 14 
14 14 14 14 14 14 14 14 14 14 14 0]

JN = 83/93          , i = [ 9 ]
.D = [4 6 12 14 15 15 29 44 59 59 15 15 15 15 15 15 15 15 15 15 15 15 15 15 15 15
15 15 15 15 15 15 0]
JN*F - K menys f... = [4 6 12 13 14 12 28 42 57 56 10 8 6 5 3 1 -1 -3 -5 -7 -9 
-11 -12 -14 -16 -18 -20 -22 -24 -26 -28 -29 0]
Unload(JN*F - K menys f...) = [4 6 12 14 15 15 29 44 59 59 15 15 15 15 15 15 15 
15 15 15 15 15 15 15 15 15 15 15 15 15 15 15 0]
Divisor per O(D): [4 6 12 14 15 15 29 44 59 59 15 15 15 15 15 15 15 15 15 15 15 
15 15 15 15 15 15 15 15 15 15 15 0]

JN = 86/93          , i = [ 9 ]
.D = [4 6 12 14 15 15 30 45 60 60 15 15 15 15 15 15 15 15 15 15 15 15 15 15 15 15
15 15 15 15 15 15 0]
JN*F - K menys f... = [4 6 12 14 15 13 29 44 60 59 11 9 7 5 3 1 -1 -3 -4 -6 -8 
-10 -12 -14 -16 -18 -20 -22 -24 -26 -28 -29 0]
Unload(JN*F - K menys f...) = [4 6 12 14 15 15 30 45 60 60 15 15 15 15 15 15 15 
15 15 15 15 15 15 15 15 15 15 15 15 15 15 15 0]
Divisor per O(D): [4 6 12 14 15 15 30 45 60 60 15 15 15 15 15 15 15 15 15 15 15 
15 15 15 15 15 15 15 15 15 15 15 0]

JN = 29/31          , i = [ 9 ]
.D = [4 6 12 14 16 16 30 46 62 62 16 16 16 16 16 16 16 16 16 16 16 16 16 16 16 16
16 16 16 16 16 16 0]
JN*F - K menys f... = [4 6 12 14 15 13 30 45 61 60 11 9 7 5 3 1 0 -2 -4 -6 -8 
-10 -12 -14 -16 -18 -20 -22 -24 -26 -28 -29 0]
Unload(JN*F - K menys f...) = [4 6 12 14 16 16 30 46 62 62 16 16 16 16 16 16 16 
16 16 16 16 16 16 16 16 16 16 16 16 16 16 16 0]
Divisor per O(D): [4 6 12 14 16 16 30 46 62 62 16 16 16 16 16 16 16 16 16 16 16 
16 16 16 16 16 16 16 16 16 16 16 0]

JN = 17/18          , i = [ 3 ]
.D = [5 7 14 15 16 16 31 47 63 63 16 16 16 16 16 16 16 16 16 16 16 16 16 16 16 16
16 16 16 16 16 16 0]
JN*F - K menys f... = [4 6 13 14 15 13 30 46 61 61 11 9 7 6 4 2 0 -2 -4 -6 -8 
-10 -12 -14 -16 -18 -20 -22 -24 -26 -28 -29 0]
Unload(JN*F - K menys f...) = [5 7 14 15 16 16 31 47 63 63 16 16 16 16 16 16 16 
16 16 16 16 16 16 16 16 16 16 16 16 16 16 16 0]
Divisor per O(D): [5 7 14 15 16 16 31 47 63 63 16 16 16 16 16 16 16 16 16 16 16 
16 16 16 16 16 16 16 16 16 16 16 0]

JN = 30/31          , i = [ 9 ]
.D = [5 7 14 16 16 16 32 48 64 64 16 16 16 16 16 16 16 16 16 16 16 16 16 16 16 16
16 16 16 16 16 16 0]
JN*F - K menys f... = [4 6 13 15 16 14 31 47 64 63 12 10 8 6 4 2 0 -2 -4 -6 -8 
-10 -12 -14 -16 -18 -20 -22 -24 -26 -28 -29 0]
Unload(JN*F - K menys f...) = [5 7 14 16 16 16 32 48 64 64 16 16 16 16 16 16 16 
16 16 16 16 16 16 16 16 16 16 16 16 16 16 16 0]
Divisor per O(D): [5 7 14 16 16 16 32 48 64 64 16 16 16 16 16 16 16 16 16 16 16 
16 16 16 16 16 16 16 16 16 16 16 0]

JN = 91/93          , i = [ 9 ]
.D = [5 7 14 16 17 17 33 50 67 67 17 17 17 17 17 17 17 17 17 17 17 17 17 17 17 17
17 17 17 17 17 17 0]
JN*F - K menys f... = [4 6 13 15 16 14 32 48 65 64 12 10 8 6 4 2 0 -2 -4 -6 -8 
-10 -12 -14 -16 -18 -20 -22 -24 -26 -28 -29 0]
Unload(JN*F - K menys f...) = [5 7 14 16 17 17 33 50 67 67 17 17 17 17 17 17 17 
17 17 17 17 17 17 17 17 17 17 17 17 17 17 17 0]
Divisor per O(D): [5 7 14 16 17 17 33 50 67 67 17 17 17 17 17 17 17 17 17 17 17 
17 17 17 17 17 17 17 17 17 17 17 0]

JN = 1              , i = [ 33 ]
.D = [8 12 24 28 31 31 60 92 124 125 31 31 31 31 31 31 31 31 31 31 31 31 31 31 31
31 31 31 31 31 31 31 1]
JN*F - K menys f... = [-3 -5 -10 -12 -14 -16 -27 -42 -57 -58 -18 -20 -22 -24 -26
-28 -30 -32 -34 -36 -38 -40 -42 -44 -46 -48 -50 -52 -54 -56 -58 -60 0]
Unload(JN*F - K menys f...) = [0 0 0 0 0 0 0 0 0 0 0 0 0 0 0 0 0 0 0 0 0 0 0 0 0
0 0 0 0 0 0 0 0]
Divisor per O(D): [0 0 0 0 0 0 0 0 0 0 0 0 0 0 0 0 0 0 0 0 0 0 0 0 0 0 0 0 0 0 0
0 0]

JN = 29/18          , i = [ 3 ]
.D = [9 13 26 30 33 33 64 98 132 133 33 33 33 33 33 33 33 33 33 33 33 33 33 33 33
33 33 33 33 33 33 33 1]
JN*F - K menys f... = [0 0 1 0 0 -3 0 0 -1 -1 -6 -8 -11 -13 -16 -19 -21 -24 -27 
-29 -32 -34 -37 -40 -42 -45 -47 -50 -53 -55 -58 -60 0]
Unload(JN*F - K menys f...) = [1 1 2 2 2 2 4 6 8 8 2 2 2 2 2 2 2 2 2 2 2 2 2 2 2
2 2 2 2 2 2 2 0]
Divisor per O(D): [1 1 2 2 2 2 4 6 8 8 2 2 2 2 2 2 2 2 2 2 2 2 2 2 2 2 2 2 2 2 2
2 0]

JN = 53/31          , i = [ 9 ]
.D = [9 14 27 31 34 34 66 101 136 137 34 34 34 34 34 34 34 34 34 34 34 34 34 34 
34 34 34 34 34 34 34 34 1]
JN*F - K menys f... = [1 1 2 2 2 -1 4 6 9 8 -4 -6 -9 -12 -14 -17 -20 -23 -25 -28
-31 -33 -36 -39 -42 -44 -47 -50 -52 -55 -58 -60 0]
Unload(JN*F - K menys f...) = [1 2 3 3 3 3 6 9 12 12 3 3 3 3 3 3 3 3 3 3 3 3 3 3
3 3 3 3 3 3 3 3 0]
Divisor per O(D): [1 2 3 3 3 3 6 9 12 12 3 3 3 3 3 3 3 3 3 3 3 3 3 3 3 3 3 3 3 3
3 3 0]

JN = 163/93         , i = [ 9 ]
.D = [10 14 28 32 35 35 68 104 140 141 35 35 35 35 35 35 35 35 35 35 35 35 35 35 
35 35 35 35 35 35 35 35 1]
JN*F - K menys f... = [1 1 3 3 3 0 6 9 13 12 -3 -5 -8 -11 -14 -16 -19 -22 -25 
-27 -30 -33 -36 -38 -41 -44 -47 -49 -52 -55 -58 -60 0]
Unload(JN*F - K menys f...) = [2 2 4 4 4 4 8 12 16 16 4 4 4 4 4 4 4 4 4 4 4 4 4 
4 4 4 4 4 4 4 4 4 0]
Divisor per O(D): [2 2 4 4 4 4 8 12 16 16 4 4 4 4 4 4 4 4 4 4 4 4 4 4 4 4 4 4 4 
4 4 4 0]

JN = 167/93         , i = [ 9 ]
.D = [10 15 29 33 36 36 70 107 144 145 36 36 36 36 36 36 36 36 36 36 36 36 36 36 
36 36 36 36 36 36 36 36 1]
JN*F - K menys f... = [1 2 4 4 4 1 8 12 17 16 -2 -5 -7 -10 -13 -16 -19 -21 -24 
-27 -30 -33 -35 -38 -41 -44 -47 -49 -52 -55 -58 -60 0]
Unload(JN*F - K menys f...) = [2 3 5 5 5 5 10 15 20 20 5 5 5 5 5 5 5 5 5 5 5 5 5
5 5 5 5 5 5 5 5 5 0]
Divisor per O(D): [2 3 5 5 5 5 10 15 20 20 5 5 5 5 5 5 5 5 5 5 5 5 5 5 5 5 5 5 5
5 5 5 0]

JN = 57/31          , i = [ 9 ]
.D = [10 15 30 34 37 37 72 110 148 149 37 37 37 37 37 37 37 37 37 37 37 37 37 37 
37 37 37 37 37 37 37 37 1]
JN*F - K menys f... = [2 2 5 5 5 2 10 15 21 20 -1 -4 -7 -9 -12 -15 -18 -21 -24 
-26 -29 -32 -35 -38 -41 -43 -46 -49 -52 -55 -58 -60 0]
Unload(JN*F - K menys f...) = [2 3 6 6 6 6 12 18 24 24 6 6 6 6 6 6 6 6 6 6 6 6 6
6 6 6 6 6 6 6 6 6 0]
Divisor per O(D): [2 3 6 6 6 6 12 18 24 24 6 6 6 6 6 6 6 6 6 6 6 6 6 6 6 6 6 6 6
6 6 6 0]

JN = 175/93         , i = [ 9 ]
.D = [10 15 30 35 38 38 74 113 152 153 38 38 38 38 38 38 38 38 38 38 38 38 38 38 
38 38 38 38 38 38 38 38 1]
JN*F - K menys f... = [2 2 5 6 6 3 12 18 25 24 0 -3 -6 -9 -12 -14 -17 -20 -23 
-26 -29 -32 -35 -37 -40 -43 -46 -49 -52 -55 -58 -60 0]
Unload(JN*F - K menys f...) = [2 3 6 7 7 7 14 21 28 28 7 7 7 7 7 7 7 7 7 7 7 7 7
7 7 7 7 7 7 7 7 7 0]
Divisor per O(D): [2 3 6 7 7 7 14 21 28 28 7 7 7 7 7 7 7 7 7 7 7 7 7 7 7 7 7 7 7
7 7 7 0]

JN = 179/93         , i = [ 9 ]
.D = [10 15 30 35 39 39 75 115 155 156 39 39 39 39 39 39 39 39 39 39 39 39 39 39 
39 39 39 39 39 39 39 39 1]
JN*F - K menys f... = [2 3 6 7 7 4 14 21 29 28 1 -2 -5 -8 -11 -14 -17 -20 -22 
-25 -28 -31 -34 -37 -40 -43 -46 -49 -52 -55 -58 -60 0]
Unload(JN*F - K menys f...) = [2 3 6 7 8 8 15 23 31 31 8 8 8 8 8 8 8 8 8 8 8 8 8
8 8 8 8 8 8 8 8 8 0]
Divisor per O(D): [2 3 6 7 8 8 15 23 31 31 8 8 8 8 8 8 8 8 8 8 8 8 8 8 8 8 8 8 8
8 8 8 0]

JN = 35/18          , i = [ 3 ]
.D = [11 16 32 36 39 39 76 116 156 157 39 39 39 39 39 39 39 39 39 39 39 39 39 39 
39 39 39 39 39 39 39 39 1]
JN*F - K menys f... = [2 3 7 7 7 4 15 23 30 30 1 -2 -5 -7 -10 -13 -16 -19 -22 
-25 -28 -31 -34 -37 -40 -43 -46 -49 -52 -55 -58 -60 0]
Unload(JN*F - K menys f...) = [3 4 8 8 8 8 16 24 32 32 8 8 8 8 8 8 8 8 8 8 8 8 8
8 8 8 8 8 8 8 8 8 0]
Divisor per O(D): [3 4 8 8 8 8 16 24 32 32 8 8 8 8 8 8 8 8 8 8 8 8 8 8 8 8 8 8 8
8 8 8 0]

JN = 61/31          , i = [ 9 ]
.D = [11 16 32 37 40 40 78 119 160 161 40 40 40 40 40 40 40 40 40 40 40 40 40 40 
40 40 40 40 40 40 40 40 1]
JN*F - K menys f... = [2 3 7 8 8 5 16 24 33 32 2 -1 -4 -7 -10 -13 -16 -19 -22 
-25 -28 -31 -34 -37 -40 -43 -46 -49 -52 -55 -58 -60 0]
Unload(JN*F - K menys f...) = [3 4 8 9 9 9 18 27 36 36 9 9 9 9 9 9 9 9 9 9 9 9 9
9 9 9 9 9 9 9 9 9 0]
Divisor per O(D): [3 4 8 9 9 9 18 27 36 36 9 9 9 9 9 9 9 9 9 9 9 9 9 9 9 9 9 9 9
9 9 9 0]

JN = 2              , i = [ 33 ]
.D = [16 24 48 56 62 62 120 184 248 250 62 62 62 62 62 62 62 62 62 62 62 62 62 62
62 62 62 62 62 62 62 62 2]
JN*F - K menys f... = [-5 -8 -16 -19 -22 -25 -42 -65 -88 -89 -28 -31 -34 -37 -40
-43 -46 -49 -52 -55 -58 -61 -64 -67 -70 -73 -76 -79 -82 -85 -88 -91 0]
Unload(JN*F - K menys f...) = [0 0 0 0 0 0 0 0 0 0 0 0 0 0 0 0 0 0 0 0 0 0 0 0 0
0 0 0 0 0 0 0 0]
Divisor per O(D): [0 0 0 0 0 0 0 0 0 0 0 0 0 0 0 0 0 0 0 0 0 0 0 0 0 0 0 0 0 0 0
0 0]

JN = 53/18          , i = [ 3 ]
.D = [17 25 50 58 64 64 124 190 256 258 64 64 64 64 64 64 64 64 64 64 64 64 64 64
64 64 64 64 64 64 64 64 2]
JN*F - K menys f... = [0 0 1 0 -1 -5 0 0 -1 -1 -9 -13 -17 -20 -24 -28 -32 -36 
-40 -44 -48 -52 -56 -60 -64 -68 -72 -76 -80 -84 -88 -91 0]
Unload(JN*F - K menys f...) = [1 1 2 2 2 2 4 6 8 8 2 2 2 2 2 2 2 2 2 2 2 2 2 2 2
2 2 2 2 2 2 2 0]
Divisor per O(D): [1 1 2 2 2 2 4 6 8 8 2 2 2 2 2 2 2 2 2 2 2 2 2 2 2 2 2 2 2 2 2
2 0]

JN = 3              , i = [ 33 ]
.D = [24 36 72 84 93 93 180 276 372 375 93 93 93 93 93 93 93 93 93 93 93 93 93 93
93 93 93 93 93 93 93 93 3]
JN*F - K menys f... = [-7 -11 -22 -26 -30 -34 -57 -88 -119 -120 -38 -42 -46 -50 
-54 -58 -62 -66 -70 -74 -78 -82 -86 -90 -94 -98 -102 -106 -110 -114 -118 -122 0]
Unload(JN*F - K menys f...) = [0 0 0 0 0 0 0 0 0 0 0 0 0 0 0 0 0 0 0 0 0 0 0 0 0
0 0 0 0 0 0 0 0]
Divisor per O(D): [0 0 0 0 0 0 0 0 0 0 0 0 0 0 0 0 0 0 0 0 0 0 0 0 0 0 0 0 0 0 0
0 0]

JN = 4              , i = [ 33 ]

--------------------------------------------------

5/18   | ( x, y )
35/93  | ( y, x^2 )
13/31  | ( y^2, x^2, xy )
43/93  | ( x^3, y^2, xy )
47/93  | ( g, x^3, x^2y )
17/31  | ( g, xy^2, x^2y, x^4 )
55/93  | ( g, x^3y, x^4 )
11/18  | ( x^3y, gx, x^4, gy )
59/93  | ( x^2y^2, x^5, x^3y, gx, gy )
21/31  | ( x^4y, x^5, gx, gy )
22/31  | ( gx^2, xy^3, gy, x^4y, x^2y^2 )
67/93  | ( x^4y, gx^2, x^6, gy, x^3y^2 )
70/93  | ( x^4y, gx^2, x^6, gy^2, gxy, x^3y^2 )
71/93  | ( gx^2, x^5y, x^6, gy^2, gxy )
74/93  | ( gx^3, x^2y^3, gxy, x^3y^2, x^5y, gy^2 )
25/31  | ( gx^3, x^7, x^4y^2, gxy, x^5y, gy^2 )
26/31  | ( g^2, x^5y, gx^3, x^4y^2, gx^2y, x^7 )
79/93  | ( g^2, x^6y, gx^3, gx^2y, x^7 )
82/93  | ( gx^2y, x^3y^3, gxy^2, g^2, gx^4, x^4y^2, x^6y )
83/93  | ( x^8, gx^4, gx^2y, gxy^2, x^5y^2, g^2, x^6y )
86/93  | ( g^2, x^5y^2, x^8, gx^4, gx^3y, x^6y )
29/31  | ( g^2, x^7y, gx^3y, gx^4, x^8 )
17/18  | ( g^2x, x^8, g^2y, gx^4, x^7y, gx^3y )
30/31  | ( g^2x, gx^2y^2, x^5y^2, x^4y^3, gx^5, g^2y, x^7y, gx^3y )
91/93  | ( x^9, g^2x, gx^2y^2, gx^5, x^6y^2, g^2y, x^7y, gx^3y )
1      | f * ( 1 )
29/18  | f * ( x, y )
53/31  | f * ( y, x^2 )
163/93 | f * ( y^2, x^2, xy )
167/93 | f * ( x^3, y^2, xy )
57/31  | f * ( g, x^3, x^2y )
175/93 | f * ( g, xy^2, x^2y, x^4 )
179/93 | f * ( g, x^3y, x^4 )
35/18  | f * ( x^3y, gx, x^4, gy )
61/31  | f * ( x^2y^2, x^5, x^3y, gx, gy )
2      | f^2 * ( 1 )
53/18  | f^2 * ( x, y )
3      | f^3 * ( 1 )

--------------------------------------------------

JN:

[ 5/18, 35/93, 13/31, 43/93, 47/93, 17/31, 55/93, 11/18, 59/93, 21/31, 22/31, 
67/93, 70/93, 71/93, 74/93, 25/31, 26/31, 79/93, 82/93, 83/93, 86/93, 29/31, 
17/18, 30/31, 91/93 ]

[ 1, 29/18, 53/31, 163/93, 167/93, 57/31, 175/93, 179/93, 35/18, 61/31 ]

[ 2, 53/18 ]

[ 3 ]

JN fract:

0 + [ 5/18, 35/93, 13/31, 43/93, 47/93, 17/31, 55/93, 11/18, 59/93, 21/31, 
22/31, 67/93, 70/93, 71/93, 74/93, 25/31, 26/31, 79/93, 82/93, 83/93, 86/93, 
29/31, 17/18, 30/31, 91/93 ]

1 + [ 0, 11/18, 22/31, 70/93, 74/93, 26/31, 82/93, 86/93, 17/18, 30/31 ]

2 + [ 0, 17/18 ]

3 + [ 0 ]

