f = (y^2-x^3)^5 + x^18
g = (y^2-x^3)^2

A = [10 15 30 35 36 36 72 108 144 180 181 36 36 36 36 36 36 36 36 36]
B = [ 4  6 12 14 16 18 30 44 58 72 72 20 22 24 26 28 30 32 34 36]
C = [
<1, 0>,
<1, 0>,
<0, 1>,
<1, 1>,
<1, 0>,
<1, 0>,
<0, 1>,
<0, 1>,
<0, 1>,
<0, 1>,
<1, -1/2>,
<1, 0>,
<1, 0>,
<1, 0>,
<1, 0>,
<1, 0>,
<1, 0>,
<1, 0>,
<1, 0>,
<1, 0>
]
AmB (>0) = [6 9 18 21 20 18 42 64 86 108 109 16 14 12 10 8 6 4 2 0]
P = 
[ 1  0  0  0  0  0  0  0  0  0  0  0  0  0  0  0  0  0  0  0]
[-1  1  0  0  0  0  0  0  0  0  0  0  0  0  0  0  0  0  0  0]
[-1 -1  1  0  0  0  0  0  0  0  0  0  0  0  0  0  0  0  0  0]
[ 0  0 -1  1  0  0  0  0  0  0  0  0  0  0  0  0  0  0  0  0]
[ 0  0  0 -1  1  0  0  0  0  0  0  0  0  0  0  0  0  0  0  0]
[ 0  0  0  0 -1  1  0  0  0  0  0  0  0  0  0  0  0  0  0  0]
[ 0  0  0 -1 -1  0  1  0  0  0  0  0  0  0  0  0  0  0  0  0]
[ 0  0  0 -1  0  0 -1  1  0  0  0  0  0  0  0  0  0  0  0  0]
[ 0  0  0 -1  0  0  0 -1  1  0  0  0  0  0  0  0  0  0  0  0]
[ 0  0  0 -1  0  0  0  0 -1  1  0  0  0  0  0  0  0  0  0  0]
[ 0  0  0  0  0  0  0  0  0 -1  1  0  0  0  0  0  0  0  0  0]
[ 0  0  0  0  0 -1  0  0  0  0  0  1  0  0  0  0  0  0  0  0]
[ 0  0  0  0  0  0  0  0  0  0  0 -1  1  0  0  0  0  0  0  0]
[ 0  0  0  0  0  0  0  0  0  0  0  0 -1  1  0  0  0  0  0  0]
[ 0  0  0  0  0  0  0  0  0  0  0  0  0 -1  1  0  0  0  0  0]
[ 0  0  0  0  0  0  0  0  0  0  0  0  0  0 -1  1  0  0  0  0]
[ 0  0  0  0  0  0  0  0  0  0  0  0  0  0  0 -1  1  0  0  0]
[ 0  0  0  0  0  0  0  0  0  0  0  0  0  0  0  0 -1  1  0  0]
[ 0  0  0  0  0  0  0  0  0  0  0  0  0  0  0  0  0 -1  1  0]
[ 0  0  0  0  0  0  0  0  0  0  0  0  0  0  0  0  0  0 -1  1]

.D = [0 0 0 0 0 0 0 0 0 0 0 0 0 0 0 0 0 0 0 0 0]
JN*F - K menys f... = [-1 -2 -4 -5 -6 -7 -12 -18 -24 -30 -31 -8 -9 -10 -11 -12 
-13 -14 -15 -16 0]
Unload(JN*F - K menys f...) = [0 0 0 0 0 0 0 0 0 0 0 0 0 0 0 0 0 0 0 0 0]

JN = 5/18           , i = [ 3 ]
.D = [ 1  1  2  2  2  2  4  6  8 10 10  2  2  2  2  2  2  2  2  2  0]
JN*F - K menys f... = [0 0 1 0 -1 -2 -1 -1 -1 0 -1 -4 -6 -7 -9 -10 -12 -13 -15 
-16 0]
Unload(JN*F - K menys f...) = [ 1  1  2  2  2  2  4  6  8 10 10  2  2  2  2  2  
2  2  2  2  0]
Divisor per O(D): [ 1  1  2  2  2  2  4  6  8 10 10  2  2  2  2  2  2  2  2  2  
0]

JN = 41/108         , i = [ 10 ]
.D = [ 1  2  3  3  3  3  6  9 12 15 15  3  3  3  3  3  3  3  3  3  0]
JN*F - K menys f... = [1 1 2 2 1 -1 3 6 8 11 10 -2 -4 -6 -8 -9 -11 -13 -15 -16 
0]
Unload(JN*F - K menys f...) = [ 1  2  3  3  3  3  6  9 12 15 15  3  3  3  3  3  
3  3  3  3  0]
Divisor per O(D): [ 1  2  3  3  3  3  6  9 12 15 15  3  3  3  3  3  3  3  3  3  
0]

JN = 23/54          , i = [ 10 ]
.D = [ 2  2  4  4  4  4  8 12 16 20 20  4  4  4  4  4  4  4  4  4  0]
JN*F - K menys f... = [1 1 3 3 2 0 5 9 12 16 15 -2 -4 -5 -7 -9 -11 -13 -15 -16 
0]
Unload(JN*F - K menys f...) = [ 2  2  4  4  4  4  8 12 16 20 20  4  4  4  4  4  
4  4  4  4  0]
Divisor per O(D): [ 2  2  4  4  4  4  8 12 16 20 20  4  4  4  4  4  4  4  4  4  
0]

JN = 17/36          , i = [ 10 ]
.D = [ 2  3  5  5  5  5 10 15 20 25 25  5  5  5  5  5  5  5  5  5  0]
JN*F - K menys f... = [1 2 4 4 3 1 7 12 16 21 20 -1 -3 -5 -7 -9 -11 -13 -15 -16 
0]
Unload(JN*F - K menys f...) = [ 2  3  5  5  5  5 10 15 20 25 25  5  5  5  5  5  
5  5  5  5  0]
Divisor per O(D): [ 2  3  5  5  5  5 10 15 20 25 25  5  5  5  5  5  5  5  5  5  
0]

JN = 14/27          , i = [ 10 ]
.D = [ 2  3  6  6  6  6 12 18 24 30 30  6  6  6  6  6  6  6  6  6  0]
JN*F - K menys f... = [2 2 5 5 4 2 9 15 20 26 25 0 -2 -4 -6 -8 -10 -12 -14 -16 
0]
Unload(JN*F - K menys f...) = [ 2  3  6  6  6  6 12 18 24 30 30  6  6  6  6  6  
6  6  6  6  0]
Divisor per O(D): [ 2  3  6  6  6  6 12 18 24 30 30  6  6  6  6  6  6  6  6  6  
0]

JN = 61/108         , i = [ 10 ]
.D = [ 2  3  6  7  7  7 14 21 28 35 35  7  7  7  7  7  7  7  7  7  0]
JN*F - K menys f... = [2 3 6 6 5 3 11 18 24 31 30 1 -2 -4 -6 -8 -10 -12 -14 -16 
0]
Unload(JN*F - K menys f...) = [ 2  3  6  7  7  7 14 21 28 35 35  7  7  7  7  7  
7  7  7  7  0]
Divisor per O(D): [ 2  3  6  7  7  7 14 21 28 35 35  7  7  7  7  7  7  7  7  7  
0]

JN = 11/18          , i = [ 3, 10 ]
.D = [ 3  4  8  8  8  8 16 24 32 40 40  8  8  8  8  8  8  8  8  8  0]
JN*F - K menys f... = [2 3 7 7 6 4 13 21 28 36 35 1 -1 -3 -5 -8 -10 -12 -14 -16 
0]
Unload(JN*F - K menys f...) = [ 3  4  8  8  8  8 16 24 32 40 40  8  8  8  8  8  
8  8  8  8  0]
Divisor per O(D): [ 3  4  8  8  8  8 16 24 32 40 40  8  8  8  8  8  8  8  8  8  
0]

JN = 71/108         , i = [ 10 ]
.D = [ 3  4  8  9  9  9 18 27 36 45 45  9  9  9  9  9  9  9  9  9  0]
JN*F - K menys f... = [2 3 7 8 7 4 15 24 32 41 40 2 0 -3 -5 -7 -10 -12 -14 -16 
0]
Unload(JN*F - K menys f...) = [ 3  4  8  9  9  9 18 27 36 45 45  9  9  9  9  9  
9  9  9  9  0]
Divisor per O(D): [ 3  4  8  9  9  9 18 27 36 45 45  9  9  9  9  9  9  9  9  9  
0]

JN = 19/27          , i = [ 10 ]
.D = [ 3  4  8  9 10 10 19 28 37 46 46 10 10 10 10 10 10 10 10 10  0]
JN*F - K menys f... = [3 4 8 9 8 5 17 27 36 46 45 3 0 -2 -4 -7 -9 -12 -14 -16 0]
Unload(JN*F - K menys f...) = [ 3  4  8  9 10 10 19 28 37 46 46 10 10 10 10 10 
10 10 10 10  0]
Divisor per O(D): [ 3  4  8  9 10 10 19 28 37 46 46 10 10 10 10 10 10 10 10 10  
0]

JN = 77/108         , i = [ 10 ]
.D = [ 3  5  9 10 10 10 20 30 40 50 50 10 10 10 10 10 10 10 10 10  0]
JN*F - K menys f... = [3 4 8 9 8 5 17 27 37 47 46 3 0 -2 -4 -7 -9 -12 -14 -16 0]
Unload(JN*F - K menys f...) = [ 3  5  9 10 10 10 20 30 40 50 50 10 10 10 10 10 
10 10 10 10  0]
Divisor per O(D): [ 3  5  9 10 10 10 20 30 40 50 50 10 10 10 10 10 10 10 10 10  
0]

JN = 3/4            , i = [ 10 ]
.D = [ 3  5  9 10 11 11 21 31 41 51 51 11 11 11 11 11 11 11 11 11  0]
JN*F - K menys f... = [3 4 9 10 9 6 19 30 40 51 50 4 1 -1 -4 -6 -9 -11 -14 -16 
0]
Unload(JN*F - K menys f...) = [ 3  5  9 10 11 11 21 31 41 51 51 11 11 11 11 11 
11 11 11 11  0]
Divisor per O(D): [ 3  5  9 10 11 11 21 31 41 51 51 11 11 11 11 11 11 11 11 11  
0]

JN = 41/54          , i = [ 10 ]
.D = [ 4  5 10 11 11 11 22 33 44 55 55 11 11 11 11 11 11 11 11 11  0]
JN*F - K menys f... = [3 4 9 10 9 6 19 30 41 52 51 4 1 -1 -4 -6 -9 -11 -14 -16 
0]
Unload(JN*F - K menys f...) = [ 4  5 10 11 11 11 22 33 44 55 55 11 11 11 11 11 
11 11 11 11  0]
Divisor per O(D): [ 4  5 10 11 11 11 22 33 44 55 55 11 11 11 11 11 11 11 11 11  
0]

JN = 43/54          , i = [ 10 ]
.D = [ 4  5 10 11 12 12 23 34 45 56 56 12 12 12 12 12 12 12 12 12  0]
JN*F - K menys f... = [3 5 10 11 9 7 21 32 44 56 55 4 2 -1 -4 -6 -9 -11 -14 -16 
0]
Unload(JN*F - K menys f...) = [ 4  5 10 11 12 12 23 34 45 56 56 12 12 12 12 12 
12 12 12 12  0]
Divisor per O(D): [ 4  5 10 11 12 12 23 34 45 56 56 12 12 12 12 12 12 12 12 12  
0]

JN = 29/36          , i = [ 10 ]
.D = [ 4  6 11 12 12 12 24 36 48 60 60 12 12 12 12 12 12 12 12 12  0]
JN*F - K menys f... = [3 5 10 11 10 7 21 33 45 57 56 4 2 -1 -3 -6 -9 -11 -14 -16
0]
Unload(JN*F - K menys f...) = [ 4  6 11 12 12 12 24 36 48 60 60 12 12 12 12 12 
12 12 12 12  0]
Divisor per O(D): [ 4  6 11 12 12 12 24 36 48 60 60 12 12 12 12 12 12 12 12 12  
0]

JN = 91/108         , i = [ 10 ]
.D = [ 4  6 11 12 13 13 25 37 49 61 61 13 13 13 13 13 13 13 13 13  0]
JN*F - K menys f... = [4 5 11 12 10 8 23 35 48 61 60 5 2 0 -3 -6 -8 -11 -14 -16 
0]
Unload(JN*F - K menys f...) = [ 4  6 11 12 13 13 25 37 49 61 61 13 13 13 13 13 
13 13 13 13  0]
Divisor per O(D): [ 4  6 11 12 13 13 25 37 49 61 61 13 13 13 13 13 13 13 13 13  
0]

JN = 23/27          , i = [ 10 ]
.D = [ 4  6 12 13 13 13 26 39 52 65 65 13 13 13 13 13 13 13 13 13  0]
JN*F - K menys f... = [4 5 11 12 11 8 23 36 49 62 61 5 2 0 -3 -6 -8 -11 -14 -16 
0]
Unload(JN*F - K menys f...) = [ 4  6 12 13 13 13 26 39 52 65 65 13 13 13 13 13 
13 13 13 13  0]
Divisor per O(D): [ 4  6 12 13 13 13 26 39 52 65 65 13 13 13 13 13 13 13 13 13  
0]

JN = 8/9            , i = [ 10 ]
.D = [ 4  6 12 13 14 14 27 40 53 66 66 14 14 14 14 14 14 14 14 14  0]
JN*F - K menys f... = [4 6 12 13 11 9 25 38 52 66 65 6 3 0 -3 -5 -8 -11 -14 -16 
0]
Unload(JN*F - K menys f...) = [ 4  6 12 13 14 14 27 40 53 66 66 14 14 14 14 14 
14 14 14 14  0]
Divisor per O(D): [ 4  6 12 13 14 14 27 40 53 66 66 14 14 14 14 14 14 14 14 14  
0]

JN = 97/108         , i = [ 10 ]
.D = [ 4  6 12 14 14 14 28 42 56 70 70 14 14 14 14 14 14 14 14 14  0]
JN*F - K menys f... = [4 6 12 13 11 9 25 39 53 67 66 6 3 0 -3 -5 -8 -11 -14 -16 
0]
Unload(JN*F - K menys f...) = [ 4  6 12 14 14 14 28 42 56 70 70 14 14 14 14 14 
14 14 14 14  0]
Divisor per O(D): [ 4  6 12 14 14 14 28 42 56 70 70 14 14 14 14 14 14 14 14 14  
0]

JN = 101/108        , i = [ 10 ]
.D = [ 4  6 12 14 15 15 29 43 57 71 71 15 15 15 15 15 15 15 15 15  0]
JN*F - K menys f... = [4 6 12 14 12 9 27 41 56 71 70 6 4 1 -2 -5 -8 -11 -14 -16 
0]
Unload(JN*F - K menys f...) = [ 4  6 12 14 15 15 29 43 57 71 71 15 15 15 15 15 
15 15 15 15  0]
Divisor per O(D): [ 4  6 12 14 15 15 29 43 57 71 71 15 15 15 15 15 15 15 15 15  
0]

JN = 17/18          , i = [ 3, 10 ]
.D = [ 5  7 14 15 15 15 30 45 60 75 75 15 15 15 15 15 15 15 15 15  0]
JN*F - K menys f... = [4 6 13 14 12 10 27 42 57 72 71 7 4 1 -2 -5 -8 -11 -14 -16
0]
Unload(JN*F - K menys f...) = [ 5  7 14 15 15 15 30 45 60 75 75 15 15 15 15 15 
15 15 15 15  0]
Divisor per O(D): [ 5  7 14 15 15 15 30 45 60 75 75 15 15 15 15 15 15 15 15 15  
0]

JN = 53/54          , i = [ 10 ]
.D = [ 5  7 14 15 16 16 31 46 61 76 76 16 16 16 16 16 16 16 16 16  0]
JN*F - K menys f... = [4 6 13 15 13 10 29 44 60 76 75 7 4 1 -2 -5 -8 -11 -14 -16
0]
Unload(JN*F - K menys f...) = [ 5  7 14 15 16 16 31 46 61 76 76 16 16 16 16 16 
16 16 16 16  0]
Divisor per O(D): [ 5  7 14 15 16 16 31 46 61 76 76 16 16 16 16 16 16 16 16 16  
0]

JN = 107/108        , i = [ 10 ]
.D = [ 5  7 14 16 16 16 32 48 64 80 80 16 16 16 16 16 16 16 16 16  0]
JN*F - K menys f... = [4 6 13 15 13 10 29 45 61 77 76 7 4 1 -2 -5 -8 -11 -14 -16
0]
Unload(JN*F - K menys f...) = [ 5  7 14 16 16 16 32 48 64 80 80 16 16 16 16 16 
16 16 16 16  0]
Divisor per O(D): [ 5  7 14 16 16 16 32 48 64 80 80 16 16 16 16 16 16 16 16 16  
0]

JN = 1              , i = [ 21 ]
.D = [10 15 30 35 36 36 72 108 144 180 181 36 36 36 36 36 36 36 36 36 1]
JN*F - K menys f... = [-5 -8 -16 -19 -22 -25 -42 -62 -82 -102 -103 -28 -31 -34 
-37 -40 -43 -46 -49 -52 0]
Unload(JN*F - K menys f...) = [0 0 0 0 0 0 0 0 0 0 0 0 0 0 0 0 0 0 0 0 0]
Divisor per O(D): [0 0 0 0 0 0 0 0 0 0 0 0 0 0 0 0 0 0 0 0 0]

JN = 35/18          , i = [ 3 ]
.D = [11 16 32 37 38 38 76 114 152 190 191 38 38 38 38 38 38 38 38 38 1]
JN*F - K menys f... = [0 0 1 0 -4 -8 -3 -2 -1 0 -1 -13 -18 -23 -28 -33 -38 -43 
-48 -52 0]
Unload(JN*F - K menys f...) = [ 1  1  2  2  2  2  4  6  8 10 10  2  2  2  2  2  
2  2  2  2  0]
Divisor per O(D): [ 1  1  2  2  2  2  4  6  8 10 10  2  2  2  2  2  2  2  2  2  
0]

JN = 2              , i = [ 21 ]
.D = [20 30 60 70 72 72 144 216 288 360 362 72 72 72 72 72 72 72 72 72 2]
JN*F - K menys f... = [-9 -14 -28 -33 -38 -43 -72 -106 -140 -174 -175 -48 -53 
-58 -63 -68 -73 -78 -83 -88 0]
Unload(JN*F - K menys f...) = [0 0 0 0 0 0 0 0 0 0 0 0 0 0 0 0 0 0 0 0 0]
Divisor per O(D): [0 0 0 0 0 0 0 0 0 0 0 0 0 0 0 0 0 0 0 0 0]

JN = 3              , i = [ 21 ]
.D = [30 45 90 105 108 108 216 324 432 540 543 108 108 108 108 108 108 108 108 
108 3]
JN*F - K menys f... = [-13 -20 -40 -47 -54 -61 -102 -150 -198 -246 -247 -68 -75 
-82 -89 -96 -103 -110 -117 -124 0]
Unload(JN*F - K menys f...) = [0 0 0 0 0 0 0 0 0 0 0 0 0 0 0 0 0 0 0 0 0]
Divisor per O(D): [0 0 0 0 0 0 0 0 0 0 0 0 0 0 0 0 0 0 0 0 0]

JN = 4              , i = [ 21 ]

--------------------------------------------------

5/18    | ( x, y )
41/108  | ( y, x^2 )
23/54   | ( x^2, xy, y^2 )
17/36   | ( x^3, xy, y^2 )
14/27   | ( h, x^3, x^2y )
61/108  | ( h, x^4, xy^2, x^2y )
11/18   | ( x^3y, hy, hx, x^4 )
71/108  | ( x^3y, hy, hx, x^5, x^2y^2 )
19/27   | ( hy, hx, x^4y, x^5 )
77/108  | ( hy, x^4y, hx^2, xy^3, x^2y^2 )
3/4     | ( hy, x^4y, hx^2, x^6, x^3y^2 )
41/54   | ( hy^2, hx^2, x^4y, x^6, x^3y^2, hxy )
43/54   | ( hy^2, hx^2, x^6, hxy, x^5y )
29/36   | ( hxy, hy^2, x^5y, hx^3, x^2y^3, x^3y^2 )
91/108  | ( x^5y, x^7, hx^3, hy^2, x^4y^2, hxy )
23/27   | ( x^5y, x^7, hx^3, h^2, x^4y^2, hx^2y )
8/9     | ( hx^2y, x^7, h^2, hx^3, x^6y )
97/108  | ( hxy^2, hx^2y, hx^4, x^4y^2, h^2, x^3y^3, x^6y )
101/108 | ( x^5y^2, h^2, hxy^2, hx^4, x^6y, hx^2y, x^8 )
17/18   | ( hx^4, x^5y^2, h^2y, x^8, x^6y, h^2x, hx^3y )
53/54   | ( hx^4, h^2y, x^8, h^2x, hx^3y, x^7y )
107/108 | ( hx^3y, x^5y^2, h^2y, x^7y, h^2x, hx^2y^2, hx^5, x^4y^3 )
1       | f * ( 1 )
35/18   | f * ( x, y )
2       | f^2 * ( 1 )
3       | f^3 * ( 1 )

Definitions:
h = y^2 - x^3

--------------------------------------------------

JN:

[ 5/18, 41/108, 23/54, 17/36, 14/27, 61/108, 11/18, 71/108, 19/27, 77/108, 3/4, 
41/54, 43/54, 29/36, 91/108, 23/27, 8/9, 97/108, 101/108, 17/18, 53/54, 107/108 
]

[ 1, 35/18 ]

[ 2 ]

[ 3 ]

JN fract:

0 + [ 5/18, 41/108, 23/54, 17/36, 14/27, 61/108, 11/18, 71/108, 19/27, 77/108, 
3/4, 41/54, 43/54, 29/36, 91/108, 23/27, 8/9, 97/108, 101/108, 17/18, 53/54, 
107/108 ]

1 + [ 0, 17/18 ]

2 + [ 0 ]

3 + [ 0 ]

