f = (y^2-x^3)^5 + x^18
g = y^2-x^3

A = [10 15 30 35 36 36 72 108 144 180 181 36 36 36 36 36 36 36 36 36 36 36 36 36
36 36 36 36 36 36 36 36 36 36 36 36 36 36]
B = [2 3 6 7 8 9 15 22 29 36 36 10 11 12 13 14 15 16 17 18 19 20 21 22 23 24 25 
26 27 28 29 30 31 32 33 34 35 36]
C = [
<1, 0>,
<1, 0>,
<0, 1>,
<1, 1>,
<1, 0>,
<1, 0>,
<0, 1>,
<0, 1>,
<0, 1>,
<0, 1>,
<1, -1/2>,
<1, 0>,
<1, 0>,
<1, 0>,
<1, 0>,
<1, 0>,
<1, 0>,
<1, 0>,
<1, 0>,
<1, 0>,
<1, 0>,
<1, 0>,
<1, 0>,
<1, 0>,
<1, 0>,
<1, 0>,
<1, 0>,
<1, 0>,
<1, 0>,
<1, 0>,
<1, 0>,
<1, 0>,
<1, 0>,
<1, 0>,
<1, 0>,
<1, 0>,
<1, 0>,
<1, 0>
]
AmB (>0) = [8 12 24 28 28 27 57 86 115 144 145 26 25 24 23 22 21 20 19 18 17 16 
15 14 13 12 11 10 9 8 7 6 5 4 3 2 1 0]
P = 
[1 0 0 0 0 0 0 0 0 0 0 0 0 0 0 0 0 0 0 0 0 0 0 0 0 0 0 0 0 0 0 0 0 0 0 0 0 0]
[-1 1 0 0 0 0 0 0 0 0 0 0 0 0 0 0 0 0 0 0 0 0 0 0 0 0 0 0 0 0 0 0 0 0 0 0 0 0]
[-1 -1 1 0 0 0 0 0 0 0 0 0 0 0 0 0 0 0 0 0 0 0 0 0 0 0 0 0 0 0 0 0 0 0 0 0 0 0]
[0 0 -1 1 0 0 0 0 0 0 0 0 0 0 0 0 0 0 0 0 0 0 0 0 0 0 0 0 0 0 0 0 0 0 0 0 0 0]
[0 0 0 -1 1 0 0 0 0 0 0 0 0 0 0 0 0 0 0 0 0 0 0 0 0 0 0 0 0 0 0 0 0 0 0 0 0 0]
[0 0 0 0 -1 1 0 0 0 0 0 0 0 0 0 0 0 0 0 0 0 0 0 0 0 0 0 0 0 0 0 0 0 0 0 0 0 0]
[0 0 0 -1 -1 0 1 0 0 0 0 0 0 0 0 0 0 0 0 0 0 0 0 0 0 0 0 0 0 0 0 0 0 0 0 0 0 0]
[0 0 0 -1 0 0 -1 1 0 0 0 0 0 0 0 0 0 0 0 0 0 0 0 0 0 0 0 0 0 0 0 0 0 0 0 0 0 0]
[0 0 0 -1 0 0 0 -1 1 0 0 0 0 0 0 0 0 0 0 0 0 0 0 0 0 0 0 0 0 0 0 0 0 0 0 0 0 0]
[0 0 0 -1 0 0 0 0 -1 1 0 0 0 0 0 0 0 0 0 0 0 0 0 0 0 0 0 0 0 0 0 0 0 0 0 0 0 0]
[0 0 0 0 0 0 0 0 0 -1 1 0 0 0 0 0 0 0 0 0 0 0 0 0 0 0 0 0 0 0 0 0 0 0 0 0 0 0]
[0 0 0 0 0 -1 0 0 0 0 0 1 0 0 0 0 0 0 0 0 0 0 0 0 0 0 0 0 0 0 0 0 0 0 0 0 0 0]
[0 0 0 0 0 0 0 0 0 0 0 -1 1 0 0 0 0 0 0 0 0 0 0 0 0 0 0 0 0 0 0 0 0 0 0 0 0 0]
[0 0 0 0 0 0 0 0 0 0 0 0 -1 1 0 0 0 0 0 0 0 0 0 0 0 0 0 0 0 0 0 0 0 0 0 0 0 0]
[0 0 0 0 0 0 0 0 0 0 0 0 0 -1 1 0 0 0 0 0 0 0 0 0 0 0 0 0 0 0 0 0 0 0 0 0 0 0]
[0 0 0 0 0 0 0 0 0 0 0 0 0 0 -1 1 0 0 0 0 0 0 0 0 0 0 0 0 0 0 0 0 0 0 0 0 0 0]
[0 0 0 0 0 0 0 0 0 0 0 0 0 0 0 -1 1 0 0 0 0 0 0 0 0 0 0 0 0 0 0 0 0 0 0 0 0 0]
[0 0 0 0 0 0 0 0 0 0 0 0 0 0 0 0 -1 1 0 0 0 0 0 0 0 0 0 0 0 0 0 0 0 0 0 0 0 0]
[0 0 0 0 0 0 0 0 0 0 0 0 0 0 0 0 0 -1 1 0 0 0 0 0 0 0 0 0 0 0 0 0 0 0 0 0 0 0]
[0 0 0 0 0 0 0 0 0 0 0 0 0 0 0 0 0 0 -1 1 0 0 0 0 0 0 0 0 0 0 0 0 0 0 0 0 0 0]
[0 0 0 0 0 0 0 0 0 0 0 0 0 0 0 0 0 0 0 -1 1 0 0 0 0 0 0 0 0 0 0 0 0 0 0 0 0 0]
[0 0 0 0 0 0 0 0 0 0 0 0 0 0 0 0 0 0 0 0 -1 1 0 0 0 0 0 0 0 0 0 0 0 0 0 0 0 0]
[0 0 0 0 0 0 0 0 0 0 0 0 0 0 0 0 0 0 0 0 0 -1 1 0 0 0 0 0 0 0 0 0 0 0 0 0 0 0]
[0 0 0 0 0 0 0 0 0 0 0 0 0 0 0 0 0 0 0 0 0 0 -1 1 0 0 0 0 0 0 0 0 0 0 0 0 0 0]
[0 0 0 0 0 0 0 0 0 0 0 0 0 0 0 0 0 0 0 0 0 0 0 -1 1 0 0 0 0 0 0 0 0 0 0 0 0 0]
[0 0 0 0 0 0 0 0 0 0 0 0 0 0 0 0 0 0 0 0 0 0 0 0 -1 1 0 0 0 0 0 0 0 0 0 0 0 0]
[0 0 0 0 0 0 0 0 0 0 0 0 0 0 0 0 0 0 0 0 0 0 0 0 0 -1 1 0 0 0 0 0 0 0 0 0 0 0]
[0 0 0 0 0 0 0 0 0 0 0 0 0 0 0 0 0 0 0 0 0 0 0 0 0 0 -1 1 0 0 0 0 0 0 0 0 0 0]
[0 0 0 0 0 0 0 0 0 0 0 0 0 0 0 0 0 0 0 0 0 0 0 0 0 0 0 -1 1 0 0 0 0 0 0 0 0 0]
[0 0 0 0 0 0 0 0 0 0 0 0 0 0 0 0 0 0 0 0 0 0 0 0 0 0 0 0 -1 1 0 0 0 0 0 0 0 0]
[0 0 0 0 0 0 0 0 0 0 0 0 0 0 0 0 0 0 0 0 0 0 0 0 0 0 0 0 0 -1 1 0 0 0 0 0 0 0]
[0 0 0 0 0 0 0 0 0 0 0 0 0 0 0 0 0 0 0 0 0 0 0 0 0 0 0 0 0 0 -1 1 0 0 0 0 0 0]
[0 0 0 0 0 0 0 0 0 0 0 0 0 0 0 0 0 0 0 0 0 0 0 0 0 0 0 0 0 0 0 -1 1 0 0 0 0 0]
[0 0 0 0 0 0 0 0 0 0 0 0 0 0 0 0 0 0 0 0 0 0 0 0 0 0 0 0 0 0 0 0 -1 1 0 0 0 0]
[0 0 0 0 0 0 0 0 0 0 0 0 0 0 0 0 0 0 0 0 0 0 0 0 0 0 0 0 0 0 0 0 0 -1 1 0 0 0]
[0 0 0 0 0 0 0 0 0 0 0 0 0 0 0 0 0 0 0 0 0 0 0 0 0 0 0 0 0 0 0 0 0 0 -1 1 0 0]
[0 0 0 0 0 0 0 0 0 0 0 0 0 0 0 0 0 0 0 0 0 0 0 0 0 0 0 0 0 0 0 0 0 0 0 -1 1 0]
[0 0 0 0 0 0 0 0 0 0 0 0 0 0 0 0 0 0 0 0 0 0 0 0 0 0 0 0 0 0 0 0 0 0 0 0 -1 1]

.D = [0 0 0 0 0 0 0 0 0 0 0 0 0 0 0 0 0 0 0 0 0 0 0 0 0 0 0 0 0 0 0 0 0 0 0 0 0 0
0]
JN*F - K menys f... = [-1 -2 -4 -5 -6 -7 -12 -18 -24 -30 -31 -8 -9 -10 -11 -12 
-13 -14 -15 -16 -17 -18 -19 -20 -21 -22 -23 -24 -25 -26 -27 -28 -29 -30 -31 -32 
-33 -34 0]
Unload(JN*F - K menys f...) = [0 0 0 0 0 0 0 0 0 0 0 0 0 0 0 0 0 0 0 0 0 0 0 0 0
0 0 0 0 0 0 0 0 0 0 0 0 0 0]

JN = 5/24           , i = [ 3 ]
.D = [1 1 2 2 2 2 4 6 8 10 10 2 2 2 2 2 2 2 2 2 2 2 2 2 2 2 2 2 2 2 2 2 2 2 2 2 2
2 0]
JN*F - K menys f... = [0 0 1 0 -1 -2 -1 -1 -1 0 -1 -3 -4 -5 -7 -8 -9 -10 -12 -13
-14 -15 -16 -18 -19 -20 -21 -22 -24 -25 -26 -27 -28 -30 -31 -32 -33 -34 0]
Unload(JN*F - K menys f...) = [1 1 2 2 2 2 4 6 8 10 10 2 2 2 2 2 2 2 2 2 2 2 2 2
2 2 2 2 2 2 2 2 2 2 2 2 2 2 0]
Divisor per O(D): [1 1 2 2 2 2 4 6 8 10 10 2 2 2 2 2 2 2 2 2 2 2 2 2 2 2 2 2 2 2
2 2 2 2 2 2 2 2 0]

JN = 41/144         , i = [ 10 ]
.D = [1 2 3 3 3 3 6 9 12 15 15 3 3 3 3 3 3 3 3 3 3 3 3 3 3 3 3 3 3 3 3 3 3 3 3 3 
3 3 0]
JN*F - K menys f... = [1 1 2 2 1 0 4 6 8 11 10 -1 -2 -4 -5 -6 -8 -9 -10 -11 -13 
-14 -15 -17 -18 -19 -20 -22 -23 -24 -26 -27 -28 -29 -31 -32 -33 -34 0]
Unload(JN*F - K menys f...) = [1 2 3 3 3 3 6 9 12 15 15 3 3 3 3 3 3 3 3 3 3 3 3 
3 3 3 3 3 3 3 3 3 3 3 3 3 3 3 0]
Divisor per O(D): [1 2 3 3 3 3 6 9 12 15 15 3 3 3 3 3 3 3 3 3 3 3 3 3 3 3 3 3 3 
3 3 3 3 3 3 3 3 3 0]

JN = 23/72          , i = [ 10 ]
.D = [2 2 4 4 4 4 8 12 16 20 20 4 4 4 4 4 4 4 4 4 4 4 4 4 4 4 4 4 4 4 4 4 4 4 4 4
4 4 0]
JN*F - K menys f... = [1 1 3 3 2 1 6 9 12 16 15 0 -2 -3 -4 -5 -7 -8 -9 -11 -12 
-13 -15 -16 -17 -19 -20 -21 -23 -24 -25 -27 -28 -29 -31 -32 -33 -34 0]
Unload(JN*F - K menys f...) = [2 2 4 4 4 4 8 12 16 20 20 4 4 4 4 4 4 4 4 4 4 4 4
4 4 4 4 4 4 4 4 4 4 4 4 4 4 4 0]
Divisor per O(D): [2 2 4 4 4 4 8 12 16 20 20 4 4 4 4 4 4 4 4 4 4 4 4 4 4 4 4 4 4
4 4 4 4 4 4 4 4 4 0]

JN = 17/48          , i = [ 10 ]
.D = [2 3 5 5 5 5 10 15 20 25 25 5 5 5 5 5 5 5 5 5 5 5 5 5 5 5 5 5 5 5 5 5 5 5 5 
5 5 5 0]
JN*F - K menys f... = [1 2 4 4 3 2 8 12 16 21 20 1 -1 -2 -3 -5 -6 -7 -9 -10 -11 
-13 -14 -16 -17 -18 -20 -21 -22 -24 -25 -26 -28 -29 -30 -32 -33 -34 0]
Unload(JN*F - K menys f...) = [2 3 5 5 5 5 10 15 20 25 25 5 5 5 5 5 5 5 5 5 5 5 
5 5 5 5 5 5 5 5 5 5 5 5 5 5 5 5 0]
Divisor per O(D): [2 3 5 5 5 5 10 15 20 25 25 5 5 5 5 5 5 5 5 5 5 5 5 5 5 5 5 5 
5 5 5 5 5 5 5 5 5 5 0]

JN = 7/18           , i = [ 10 ]
.D = [2 3 6 6 6 6 12 18 24 30 30 6 6 6 6 6 6 6 6 6 6 6 6 6 6 6 6 6 6 6 6 6 6 6 6 
6 6 6 0]
JN*F - K menys f... = [2 2 5 5 4 3 10 15 20 26 25 2 0 -1 -3 -4 -5 -7 -8 -9 -11 
-12 -14 -15 -16 -18 -19 -21 -22 -23 -25 -26 -28 -29 -30 -32 -33 -34 0]
Unload(JN*F - K menys f...) = [2 3 6 6 6 6 12 18 24 30 30 6 6 6 6 6 6 6 6 6 6 6 
6 6 6 6 6 6 6 6 6 6 6 6 6 6 6 6 0]
Divisor per O(D): [2 3 6 6 6 6 12 18 24 30 30 6 6 6 6 6 6 6 6 6 6 6 6 6 6 6 6 6 
6 6 6 6 6 6 6 6 6 6 0]

JN = 61/144         , i = [ 10 ]
.D = [2 3 6 7 7 7 14 21 28 35 35 7 7 7 7 7 7 7 7 7 7 7 7 7 7 7 7 7 7 7 7 7 7 7 7 
7 7 7 0]
JN*F - K menys f... = [2 3 6 6 5 4 12 18 24 31 30 3 1 0 -2 -3 -5 -6 -7 -9 -10 
-12 -13 -15 -16 -17 -19 -20 -22 -23 -25 -26 -27 -29 -30 -32 -33 -34 0]
Unload(JN*F - K menys f...) = [2 3 6 7 7 7 14 21 28 35 35 7 7 7 7 7 7 7 7 7 7 7 
7 7 7 7 7 7 7 7 7 7 7 7 7 7 7 7 0]
Divisor per O(D): [2 3 6 7 7 7 14 21 28 35 35 7 7 7 7 7 7 7 7 7 7 7 7 7 7 7 7 7 
7 7 7 7 7 7 7 7 7 7 0]

JN = 11/24          , i = [ 3, 10 ]
.D = [3 4 8 8 8 8 16 24 32 40 40 8 8 8 8 8 8 8 8 8 8 8 8 8 8 8 8 8 8 8 8 8 8 8 8 
8 8 8 0]
JN*F - K menys f... = [2 3 7 7 6 5 14 21 28 36 35 3 2 1 -1 -2 -4 -5 -7 -8 -10 
-11 -13 -14 -16 -17 -18 -20 -21 -23 -24 -26 -27 -29 -30 -32 -33 -34 0]
Unload(JN*F - K menys f...) = [3 4 8 8 8 8 16 24 32 40 40 8 8 8 8 8 8 8 8 8 8 8 
8 8 8 8 8 8 8 8 8 8 8 8 8 8 8 8 0]
Divisor per O(D): [3 4 8 8 8 8 16 24 32 40 40 8 8 8 8 8 8 8 8 8 8 8 8 8 8 8 8 8 
8 8 8 8 8 8 8 8 8 8 0]

JN = 71/144         , i = [ 10 ]
.D = [3 4 8 9 9 9 18 27 36 45 45 9 9 9 9 9 9 9 9 9 9 9 9 9 9 9 9 9 9 9 9 9 9 9 9 
9 9 9 0]
JN*F - K menys f... = [2 3 7 8 7 6 16 24 32 41 40 4 3 1 0 -2 -3 -5 -6 -8 -9 -11 
-12 -14 -15 -17 -18 -20 -21 -23 -24 -26 -27 -29 -30 -32 -33 -34 0]
Unload(JN*F - K menys f...) = [3 4 8 9 9 9 18 27 36 45 45 9 9 9 9 9 9 9 9 9 9 9 
9 9 9 9 9 9 9 9 9 9 9 9 9 9 9 9 0]
Divisor per O(D): [3 4 8 9 9 9 18 27 36 45 45 9 9 9 9 9 9 9 9 9 9 9 9 9 9 9 9 9 
9 9 9 9 9 9 9 9 9 9 0]

JN = 19/36          , i = [ 10 ]
.D = [3 4 8 9 10 10 19 28 37 46 46 10 10 10 10 10 10 10 10 10 10 10 10 10 10 10 
10 10 10 10 10 10 10 10 10 10 10 10 0]
JN*F - K menys f... = [3 4 8 9 8 7 18 27 36 46 45 5 4 2 1 -1 -2 -4 -5 -7 -9 -10 
-12 -13 -15 -16 -18 -19 -21 -22 -24 -25 -27 -28 -30 -31 -33 -34 0]
Unload(JN*F - K menys f...) = [3 4 8 9 10 10 19 28 37 46 46 10 10 10 10 10 10 10
10 10 10 10 10 10 10 10 10 10 10 10 10 10 10 10 10 10 10 10 0]
Divisor per O(D): [3 4 8 9 10 10 19 28 37 46 46 10 10 10 10 10 10 10 10 10 10 10
10 10 10 10 10 10 10 10 10 10 10 10 10 10 10 10 0]

JN = 77/144         , i = [ 10 ]
.D = [3 5 9 10 10 10 20 30 40 50 50 10 10 10 10 10 10 10 10 10 10 10 10 10 10 10 
10 10 10 10 10 10 10 10 10 10 10 10 0]
JN*F - K menys f... = [3 4 8 9 8 7 18 27 37 47 46 5 4 2 1 -1 -2 -4 -5 -7 -8 -10 
-11 -13 -15 -16 -18 -19 -21 -22 -24 -25 -27 -28 -30 -31 -33 -34 0]
Unload(JN*F - K menys f...) = [3 5 9 10 10 10 20 30 40 50 50 10 10 10 10 10 10 
10 10 10 10 10 10 10 10 10 10 10 10 10 10 10 10 10 10 10 10 10 0]
Divisor per O(D): [3 5 9 10 10 10 20 30 40 50 50 10 10 10 10 10 10 10 10 10 10 
10 10 10 10 10 10 10 10 10 10 10 10 10 10 10 10 10 0]

JN = 9/16           , i = [ 10 ]
.D = [3 5 9 10 11 11 21 31 41 51 51 11 11 11 11 11 11 11 11 11 11 11 11 11 11 11 
11 11 11 11 11 11 11 11 11 11 11 11 0]
JN*F - K menys f... = [3 4 9 10 9 8 20 30 40 51 50 6 5 3 1 0 -2 -3 -5 -6 -8 -9 
-11 -13 -14 -16 -17 -19 -20 -22 -24 -25 -27 -28 -30 -31 -33 -34 0]
Unload(JN*F - K menys f...) = [3 5 9 10 11 11 21 31 41 51 51 11 11 11 11 11 11 
11 11 11 11 11 11 11 11 11 11 11 11 11 11 11 11 11 11 11 11 11 0]
Divisor per O(D): [3 5 9 10 11 11 21 31 41 51 51 11 11 11 11 11 11 11 11 11 11 
11 11 11 11 11 11 11 11 11 11 11 11 11 11 11 11 11 0]

JN = 41/72          , i = [ 10 ]
.D = [4 5 10 11 11 11 22 33 44 55 55 11 11 11 11 11 11 11 11 11 11 11 11 11 11 11
11 11 11 11 11 11 11 11 11 11 11 11 0]
JN*F - K menys f... = [3 4 9 10 9 8 20 30 41 52 51 6 5 3 2 0 -2 -3 -5 -6 -8 -9 
-11 -13 -14 -16 -17 -19 -20 -22 -24 -25 -27 -28 -30 -31 -33 -34 0]
Unload(JN*F - K menys f...) = [4 5 10 11 11 11 22 33 44 55 55 11 11 11 11 11 11 
11 11 11 11 11 11 11 11 11 11 11 11 11 11 11 11 11 11 11 11 11 0]
Divisor per O(D): [4 5 10 11 11 11 22 33 44 55 55 11 11 11 11 11 11 11 11 11 11 
11 11 11 11 11 11 11 11 11 11 11 11 11 11 11 11 11 0]

JN = 43/72          , i = [ 10 ]
.D = [4 5 10 11 12 12 23 34 45 56 56 12 12 12 12 12 12 12 12 12 12 12 12 12 12 12
12 12 12 12 12 12 12 12 12 12 12 12 0]
JN*F - K menys f... = [3 5 10 11 10 9 22 33 44 56 55 7 5 4 2 1 -1 -3 -4 -6 -7 -9
-11 -12 -14 -15 -17 -19 -20 -22 -23 -25 -27 -28 -30 -31 -33 -34 0]
Unload(JN*F - K menys f...) = [4 5 10 11 12 12 23 34 45 56 56 12 12 12 12 12 12 
12 12 12 12 12 12 12 12 12 12 12 12 12 12 12 12 12 12 12 12 12 0]
Divisor per O(D): [4 5 10 11 12 12 23 34 45 56 56 12 12 12 12 12 12 12 12 12 12 
12 12 12 12 12 12 12 12 12 12 12 12 12 12 12 12 12 0]

JN = 29/48          , i = [ 10 ]
.D = [4 6 11 12 12 12 24 36 48 60 60 12 12 12 12 12 12 12 12 12 12 12 12 12 12 12
12 12 12 12 12 12 12 12 12 12 12 12 0]
JN*F - K menys f... = [3 5 10 11 10 9 22 33 45 57 56 7 6 4 2 1 -1 -2 -4 -6 -7 -9
-10 -12 -14 -15 -17 -18 -20 -22 -23 -25 -26 -28 -30 -31 -33 -34 0]
Unload(JN*F - K menys f...) = [4 6 11 12 12 12 24 36 48 60 60 12 12 12 12 12 12 
12 12 12 12 12 12 12 12 12 12 12 12 12 12 12 12 12 12 12 12 12 0]
Divisor per O(D): [4 6 11 12 12 12 24 36 48 60 60 12 12 12 12 12 12 12 12 12 12 
12 12 12 12 12 12 12 12 12 12 12 12 12 12 12 12 12 0]

JN = 91/144         , i = [ 10 ]
.D = [4 6 11 12 13 13 25 37 49 61 61 13 13 13 13 13 13 13 13 13 13 13 13 13 13 13
13 13 13 13 13 13 13 13 13 13 13 13 0]
JN*F - K menys f... = [4 5 11 12 11 10 24 36 48 61 60 8 6 5 3 1 0 -2 -3 -5 -7 -8
-10 -12 -13 -15 -17 -18 -20 -21 -23 -25 -26 -28 -30 -31 -33 -34 0]
Unload(JN*F - K menys f...) = [4 6 11 12 13 13 25 37 49 61 61 13 13 13 13 13 13 
13 13 13 13 13 13 13 13 13 13 13 13 13 13 13 13 13 13 13 13 13 0]
Divisor per O(D): [4 6 11 12 13 13 25 37 49 61 61 13 13 13 13 13 13 13 13 13 13 
13 13 13 13 13 13 13 13 13 13 13 13 13 13 13 13 13 0]

JN = 23/36          , i = [ 10 ]
.D = [4 6 12 13 13 13 26 39 52 65 65 13 13 13 13 13 13 13 13 13 13 13 13 13 13 13
13 13 13 13 13 13 13 13 13 13 13 13 0]
JN*F - K menys f... = [4 5 11 12 11 10 24 36 49 62 61 8 6 5 3 2 0 -2 -3 -5 -7 -8
-10 -12 -13 -15 -16 -18 -20 -21 -23 -25 -26 -28 -30 -31 -33 -34 0]
Unload(JN*F - K menys f...) = [4 6 12 13 13 13 26 39 52 65 65 13 13 13 13 13 13 
13 13 13 13 13 13 13 13 13 13 13 13 13 13 13 13 13 13 13 13 13 0]
Divisor per O(D): [4 6 12 13 13 13 26 39 52 65 65 13 13 13 13 13 13 13 13 13 13 
13 13 13 13 13 13 13 13 13 13 13 13 13 13 13 13 13 0]

JN = 2/3            , i = [ 10 ]
.D = [4 6 12 13 14 14 27 40 53 66 66 14 14 14 14 14 14 14 14 14 14 14 14 14 14 14
14 14 14 14 14 14 14 14 14 14 14 14 0]
JN*F - K menys f... = [4 6 12 13 12 11 26 39 52 66 65 9 7 6 4 2 1 -1 -3 -4 -6 -8
-9 -11 -13 -14 -16 -18 -19 -21 -23 -24 -26 -28 -29 -31 -33 -34 0]
Unload(JN*F - K menys f...) = [4 6 12 13 14 14 27 40 53 66 66 14 14 14 14 14 14 
14 14 14 14 14 14 14 14 14 14 14 14 14 14 14 14 14 14 14 14 14 0]
Divisor per O(D): [4 6 12 13 14 14 27 40 53 66 66 14 14 14 14 14 14 14 14 14 14 
14 14 14 14 14 14 14 14 14 14 14 14 14 14 14 14 14 0]

JN = 97/144         , i = [ 10 ]
.D = [4 6 12 14 14 14 28 42 56 70 70 14 14 14 14 14 14 14 14 14 14 14 14 14 14 14
14 14 14 14 14 14 14 14 14 14 14 14 0]
JN*F - K menys f... = [4 6 12 13 12 11 26 39 53 67 66 9 7 6 4 2 1 -1 -3 -4 -6 -8
-9 -11 -13 -14 -16 -18 -19 -21 -23 -24 -26 -28 -29 -31 -33 -34 0]
Unload(JN*F - K menys f...) = [4 6 12 14 14 14 28 42 56 70 70 14 14 14 14 14 14 
14 14 14 14 14 14 14 14 14 14 14 14 14 14 14 14 14 14 14 14 14 0]
Divisor per O(D): [4 6 12 14 14 14 28 42 56 70 70 14 14 14 14 14 14 14 14 14 14 
14 14 14 14 14 14 14 14 14 14 14 14 14 14 14 14 14 0]

JN = 101/144        , i = [ 10 ]
.D = [4 6 12 14 15 15 29 43 57 71 71 15 15 15 15 15 15 15 15 15 15 15 15 15 15 15
15 15 15 15 15 15 15 15 15 15 15 15 0]
JN*F - K menys f... = [4 6 12 14 13 11 27 42 56 71 70 10 8 6 5 3 1 0 -2 -4 -6 -7
-9 -11 -12 -14 -16 -17 -19 -21 -23 -24 -26 -28 -29 -31 -33 -34 0]
Unload(JN*F - K menys f...) = [4 6 12 14 15 15 29 43 57 71 71 15 15 15 15 15 15 
15 15 15 15 15 15 15 15 15 15 15 15 15 15 15 15 15 15 15 15 15 0]
Divisor per O(D): [4 6 12 14 15 15 29 43 57 71 71 15 15 15 15 15 15 15 15 15 15 
15 15 15 15 15 15 15 15 15 15 15 15 15 15 15 15 15 0]

JN = 17/24          , i = [ 3, 10 ]
.D = [5 7 14 15 15 15 30 45 60 75 75 15 15 15 15 15 15 15 15 15 15 15 15 15 15 15
15 15 15 15 15 15 15 15 15 15 15 15 0]
JN*F - K menys f... = [4 6 13 14 13 12 28 42 57 72 71 10 8 7 5 3 1 0 -2 -4 -5 -7
-9 -11 -12 -14 -16 -17 -19 -21 -23 -24 -26 -28 -29 -31 -33 -34 0]
Unload(JN*F - K menys f...) = [5 7 14 15 15 15 30 45 60 75 75 15 15 15 15 15 15 
15 15 15 15 15 15 15 15 15 15 15 15 15 15 15 15 15 15 15 15 15 0]
Divisor per O(D): [5 7 14 15 15 15 30 45 60 75 75 15 15 15 15 15 15 15 15 15 15 
15 15 15 15 15 15 15 15 15 15 15 15 15 15 15 15 15 0]

JN = 53/72          , i = [ 10 ]
.D = [5 7 14 15 16 16 31 46 61 76 76 16 16 16 16 16 16 16 16 16 16 16 16 16 16 16
16 16 16 16 16 16 16 16 16 16 16 16 0]
JN*F - K menys f... = [4 6 13 15 14 12 29 45 60 76 75 11 9 7 5 4 2 0 -2 -3 -5 -7
-8 -10 -12 -14 -15 -17 -19 -21 -22 -24 -26 -28 -29 -31 -33 -34 0]
Unload(JN*F - K menys f...) = [5 7 14 15 16 16 31 46 61 76 76 16 16 16 16 16 16 
16 16 16 16 16 16 16 16 16 16 16 16 16 16 16 16 16 16 16 16 16 0]
Divisor per O(D): [5 7 14 15 16 16 31 46 61 76 76 16 16 16 16 16 16 16 16 16 16 
16 16 16 16 16 16 16 16 16 16 16 16 16 16 16 16 16 0]

JN = 107/144        , i = [ 10 ]
.D = [5 7 14 16 16 16 32 48 64 80 80 16 16 16 16 16 16 16 16 16 16 16 16 16 16 16
16 16 16 16 16 16 16 16 16 16 16 16 0]
JN*F - K menys f... = [4 6 13 15 14 13 30 45 61 77 76 11 9 7 6 4 2 0 -1 -3 -5 -7
-8 -10 -12 -14 -15 -17 -19 -21 -22 -24 -26 -28 -29 -31 -33 -34 0]
Unload(JN*F - K menys f...) = [5 7 14 16 16 16 32 48 64 80 80 16 16 16 16 16 16 
16 16 16 16 16 16 16 16 16 16 16 16 16 16 16 16 16 16 16 16 16 0]
Divisor per O(D): [5 7 14 16 16 16 32 48 64 80 80 16 16 16 16 16 16 16 16 16 16 
16 16 16 16 16 16 16 16 16 16 16 16 16 16 16 16 16 0]

JN = 37/48          , i = [ 10 ]
.D = [5 7 14 16 17 17 33 49 65 81 81 17 17 17 17 17 17 17 17 17 17 17 17 17 17 17
17 17 17 17 17 17 17 17 17 17 17 17 0]
JN*F - K menys f... = [5 7 14 16 15 13 31 48 64 81 80 12 10 8 6 4 3 1 -1 -3 -4 
-6 -8 -10 -11 -13 -15 -17 -19 -20 -22 -24 -26 -27 -29 -31 -33 -34 0]
Unload(JN*F - K menys f...) = [5 7 14 16 17 17 33 49 65 81 81 17 17 17 17 17 17 
17 17 17 17 17 17 17 17 17 17 17 17 17 17 17 17 17 17 17 17 17 0]
Divisor per O(D): [5 7 14 16 17 17 33 49 65 81 81 17 17 17 17 17 17 17 17 17 17 
17 17 17 17 17 17 17 17 17 17 17 17 17 17 17 17 17 0]

JN = 7/9            , i = [ 10 ]
.D = [5 7 14 16 17 17 34 50 66 82 82 17 17 17 17 17 17 17 17 17 17 17 17 17 17 17
17 17 17 17 17 17 17 17 17 17 17 17 0]
JN*F - K menys f... = [5 7 14 16 15 14 32 48 65 82 81 12 10 8 6 5 3 1 -1 -2 -4 
-6 -8 -10 -11 -13 -15 -17 -18 -20 -22 -24 -26 -27 -29 -31 -33 -34 0]
Unload(JN*F - K menys f...) = [5 7 14 16 17 17 34 50 66 82 82 17 17 17 17 17 17 
17 17 17 17 17 17 17 17 17 17 17 17 17 17 17 17 17 17 17 17 17 0]
Divisor per O(D): [5 7 14 16 17 17 34 50 66 82 82 17 17 17 17 17 17 17 17 17 17 
17 17 17 17 17 17 17 17 17 17 17 17 17 17 17 17 17 0]

JN = 113/144        , i = [ 10 ]
.D = [5 8 15 17 17 17 34 51 68 85 85 17 17 17 17 17 17 17 17 17 17 17 17 17 17 17
17 17 17 17 17 17 17 17 17 17 17 17 0]
JN*F - K menys f... = [5 7 14 16 15 14 32 49 66 83 82 12 10 8 7 5 3 1 -1 -2 -4 
-6 -8 -10 -11 -13 -15 -17 -18 -20 -22 -24 -26 -27 -29 -31 -33 -34 0]
Unload(JN*F - K menys f...) = [5 8 15 17 17 17 34 51 68 85 85 17 17 17 17 17 17 
17 17 17 17 17 17 17 17 17 17 17 17 17 17 17 17 17 17 17 17 17 0]
Divisor per O(D): [5 8 15 17 17 17 34 51 68 85 85 17 17 17 17 17 17 17 17 17 17 
17 17 17 17 17 17 17 17 17 17 17 17 17 17 17 17 17 0]

JN = 29/36          , i = [ 10 ]
.D = [5 8 15 17 18 18 35 52 69 86 86 18 18 18 18 18 18 18 18 18 18 18 18 18 18 18
18 18 18 18 18 18 18 18 18 18 18 18 0]
JN*F - K menys f... = [5 7 15 17 16 14 33 51 68 86 85 12 11 9 7 5 3 2 0 -2 -4 -6
-7 -9 -11 -13 -15 -16 -18 -20 -22 -24 -25 -27 -29 -31 -33 -34 0]
Unload(JN*F - K menys f...) = [5 8 15 17 18 18 35 52 69 86 86 18 18 18 18 18 18 
18 18 18 18 18 18 18 18 18 18 18 18 18 18 18 18 18 18 18 18 18 0]
Divisor per O(D): [5 8 15 17 18 18 35 52 69 86 86 18 18 18 18 18 18 18 18 18 18 
18 18 18 18 18 18 18 18 18 18 18 18 18 18 18 18 18 0]

JN = 13/16          , i = [ 10 ]
.D = [5 8 15 17 18 18 36 53 70 87 87 18 18 18 18 18 18 18 18 18 18 18 18 18 18 18
18 18 18 18 18 18 18 18 18 18 18 18 0]
JN*F - K menys f... = [5 7 15 17 16 14 34 51 69 87 86 13 11 9 7 5 4 2 0 -2 -4 -5
-7 -9 -11 -13 -15 -16 -18 -20 -22 -24 -25 -27 -29 -31 -33 -34 0]
Unload(JN*F - K menys f...) = [5 8 15 17 18 18 36 53 70 87 87 18 18 18 18 18 18 
18 18 18 18 18 18 18 18 18 18 18 18 18 18 18 18 18 18 18 18 18 0]
Divisor per O(D): [5 8 15 17 18 18 36 53 70 87 87 18 18 18 18 18 18 18 18 18 18 
18 18 18 18 18 18 18 18 18 18 18 18 18 18 18 18 18 0]

JN = 59/72          , i = [ 10 ]
.D = [6 8 16 18 18 18 36 54 72 90 90 18 18 18 18 18 18 18 18 18 18 18 18 18 18 18
18 18 18 18 18 18 18 18 18 18 18 18 0]
JN*F - K menys f... = [5 7 15 17 16 15 34 52 70 88 87 13 11 9 7 6 4 2 0 -2 -4 -5
-7 -9 -11 -13 -14 -16 -18 -20 -22 -24 -25 -27 -29 -31 -33 -34 0]
Unload(JN*F - K menys f...) = [6 8 16 18 18 18 36 54 72 90 90 18 18 18 18 18 18 
18 18 18 18 18 18 18 18 18 18 18 18 18 18 18 18 18 18 18 18 18 0]
Divisor per O(D): [6 8 16 18 18 18 36 54 72 90 90 18 18 18 18 18 18 18 18 18 18 
18 18 18 18 18 18 18 18 18 18 18 18 18 18 18 18 18 0]

JN = 121/144        , i = [ 10 ]
.D = [6 8 16 18 19 19 37 55 73 91 91 19 19 19 19 19 19 19 19 19 19 19 19 19 19 19
19 19 19 19 19 19 19 19 19 19 19 19 0]
JN*F - K menys f... = [5 8 16 18 17 15 35 54 72 91 90 13 12 10 8 6 4 2 0 -1 -3 
-5 -7 -9 -11 -12 -14 -16 -18 -20 -22 -23 -25 -27 -29 -31 -33 -34 0]
Unload(JN*F - K menys f...) = [6 8 16 18 19 19 37 55 73 91 91 19 19 19 19 19 19 
19 19 19 19 19 19 19 19 19 19 19 19 19 19 19 19 19 19 19 19 19 0]
Divisor per O(D): [6 8 16 18 19 19 37 55 73 91 91 19 19 19 19 19 19 19 19 19 19 
19 19 19 19 19 19 19 19 19 19 19 19 19 19 19 19 19 0]

JN = 61/72          , i = [ 10 ]
.D = [6 8 16 18 19 19 38 56 74 92 92 19 19 19 19 19 19 19 19 19 19 19 19 19 19 19
19 19 19 19 19 19 19 19 19 19 19 19 0]
JN*F - K menys f... = [5 8 16 18 17 15 36 54 73 92 91 14 12 10 8 6 4 2 1 -1 -3 
-5 -7 -9 -10 -12 -14 -16 -18 -20 -22 -23 -25 -27 -29 -31 -33 -34 0]
Unload(JN*F - K menys f...) = [6 8 16 18 19 19 38 56 74 92 92 19 19 19 19 19 19 
19 19 19 19 19 19 19 19 19 19 19 19 19 19 19 19 19 19 19 19 19 0]
Divisor per O(D): [6 8 16 18 19 19 38 56 74 92 92 19 19 19 19 19 19 19 19 19 19 
19 19 19 19 19 19 19 19 19 19 19 19 19 19 19 19 19 0]

JN = 41/48          , i = [ 10 ]
.D = [6 9 17 19 19 19 38 57 76 95 95 19 19 19 19 19 19 19 19 19 19 19 19 19 19 19
19 19 19 19 19 19 19 19 19 19 19 19 0]
JN*F - K menys f... = [5 8 16 18 17 16 36 55 74 93 92 14 12 10 8 6 4 3 1 -1 -3 
-5 -7 -9 -10 -12 -14 -16 -18 -20 -22 -23 -25 -27 -29 -31 -33 -34 0]
Unload(JN*F - K menys f...) = [6 9 17 19 19 19 38 57 76 95 95 19 19 19 19 19 19 
19 19 19 19 19 19 19 19 19 19 19 19 19 19 19 19 19 19 19 19 19 0]
Divisor per O(D): [6 9 17 19 19 19 38 57 76 95 95 19 19 19 19 19 19 19 19 19 19 
19 19 19 19 19 19 19 19 19 19 19 19 19 19 19 19 19 0]

JN = 7/8            , i = [ 10 ]
.D = [6 9 17 19 20 20 39 58 77 96 96 20 20 20 20 20 20 20 20 20 20 20 20 20 20 20
20 20 20 20 20 20 20 20 20 20 20 20 0]
JN*F - K menys f... = [6 8 17 19 18 16 37 57 76 96 95 14 12 11 9 7 5 3 1 -1 -3 
-4 -6 -8 -10 -12 -14 -16 -18 -19 -21 -23 -25 -27 -29 -31 -33 -34 0]
Unload(JN*F - K menys f...) = [6 9 17 19 20 20 39 58 77 96 96 20 20 20 20 20 20 
20 20 20 20 20 20 20 20 20 20 20 20 20 20 20 20 20 20 20 20 20 0]
Divisor per O(D): [6 9 17 19 20 20 39 58 77 96 96 20 20 20 20 20 20 20 20 20 20 
20 20 20 20 20 20 20 20 20 20 20 20 20 20 20 20 20 0]

JN = 127/144        , i = [ 10 ]
.D = [6 9 17 19 20 20 40 59 78 97 97 20 20 20 20 20 20 20 20 20 20 20 20 20 20 20
20 20 20 20 20 20 20 20 20 20 20 20 0]
JN*F - K menys f... = [6 8 17 19 18 16 38 57 77 97 96 14 13 11 9 7 5 3 1 -1 -3 
-4 -6 -8 -10 -12 -14 -16 -18 -19 -21 -23 -25 -27 -29 -31 -33 -34 0]
Unload(JN*F - K menys f...) = [6 9 17 19 20 20 40 59 78 97 97 20 20 20 20 20 20 
20 20 20 20 20 20 20 20 20 20 20 20 20 20 20 20 20 20 20 20 20 0]
Divisor per O(D): [6 9 17 19 20 20 40 59 78 97 97 20 20 20 20 20 20 20 20 20 20 
20 20 20 20 20 20 20 20 20 20 20 20 20 20 20 20 20 0]

JN = 8/9            , i = [ 10 ]
.D = [6 9 18 20 20 20 40 60 80 100 100 20 20 20 20 20 20 20 20 20 20 20 20 20 20 
20 20 20 20 20 20 20 20 20 20 20 20 20 0]
JN*F - K menys f... = [6 8 17 19 18 17 38 58 78 98 97 15 13 11 9 7 5 3 1 0 -2 -4
-6 -8 -10 -12 -14 -16 -17 -19 -21 -23 -25 -27 -29 -31 -33 -34 0]
Unload(JN*F - K menys f...) = [6 9 18 20 20 20 40 60 80 100 100 20 20 20 20 20 
20 20 20 20 20 20 20 20 20 20 20 20 20 20 20 20 20 20 20 20 20 20 0]
Divisor per O(D): [6 9 18 20 20 20 40 60 80 100 100 20 20 20 20 20 20 20 20 20 
20 20 20 20 20 20 20 20 20 20 20 20 20 20 20 20 20 20 0]

JN = 131/144        , i = [ 10 ]
.D = [6 9 18 20 21 21 41 61 81 101 101 21 21 21 21 21 21 21 21 21 21 21 21 21 21 
21 21 21 21 21 21 21 21 21 21 21 21 21 0]
JN*F - K menys f... = [6 8 17 20 19 17 39 60 80 101 100 15 13 11 9 8 6 4 2 0 -2 
-4 -6 -8 -10 -12 -13 -15 -17 -19 -21 -23 -25 -27 -29 -31 -33 -34 0]
Unload(JN*F - K menys f...) = [6 9 18 20 21 21 41 61 81 101 101 21 21 21 21 21 
21 21 21 21 21 21 21 21 21 21 21 21 21 21 21 21 21 21 21 21 21 21 0]
Divisor per O(D): [6 9 18 20 21 21 41 61 81 101 101 21 21 21 21 21 21 21 21 21 
21 21 21 21 21 21 21 21 21 21 21 21 21 21 21 21 21 21 0]

JN = 11/12          , i = [ 10 ]
.D = [6 9 18 20 21 21 42 62 82 102 102 21 21 21 21 21 21 21 21 21 21 21 21 21 21 
21 21 21 21 21 21 21 21 21 21 21 21 21 0]
JN*F - K menys f... = [6 9 18 20 19 17 40 60 81 102 101 15 13 12 10 8 6 4 2 0 -2
-4 -6 -8 -10 -11 -13 -15 -17 -19 -21 -23 -25 -27 -29 -31 -33 -34 0]
Unload(JN*F - K menys f...) = [6 9 18 20 21 21 42 62 82 102 102 21 21 21 21 21 
21 21 21 21 21 21 21 21 21 21 21 21 21 21 21 21 21 21 21 21 21 21 0]
Divisor per O(D): [6 9 18 20 21 21 42 62 82 102 102 21 21 21 21 21 21 21 21 21 
21 21 21 21 21 21 21 21 21 21 21 21 21 21 21 21 21 21 0]

JN = 133/144        , i = [ 10 ]
.D = [6 9 18 21 21 21 42 63 84 105 105 21 21 21 21 21 21 21 21 21 21 21 21 21 21 
21 21 21 21 21 21 21 21 21 21 21 21 21 0]
JN*F - K menys f... = [6 9 18 20 19 17 40 61 82 103 102 16 14 12 10 8 6 4 2 0 -2
-4 -6 -8 -9 -11 -13 -15 -17 -19 -21 -23 -25 -27 -29 -31 -33 -34 0]
Unload(JN*F - K menys f...) = [6 9 18 21 21 21 42 63 84 105 105 21 21 21 21 21 
21 21 21 21 21 21 21 21 21 21 21 21 21 21 21 21 21 21 21 21 21 21 0]
Divisor per O(D): [6 9 18 21 21 21 42 63 84 105 105 21 21 21 21 21 21 21 21 21 
21 21 21 21 21 21 21 21 21 21 21 21 21 21 21 21 21 21 0]

JN = 17/18          , i = [ 10 ]
.D = [6 9 18 21 22 22 43 64 85 106 106 22 22 22 22 22 22 22 22 22 22 22 22 22 22 
22 22 22 22 22 22 22 22 22 22 22 22 22 0]
JN*F - K menys f... = [6 9 18 21 20 18 41 63 84 106 105 16 14 12 10 8 6 4 2 1 -1
-3 -5 -7 -9 -11 -13 -15 -17 -19 -21 -23 -25 -27 -29 -31 -33 -34 0]
Unload(JN*F - K menys f...) = [6 9 18 21 22 22 43 64 85 106 106 22 22 22 22 22 
22 22 22 22 22 22 22 22 22 22 22 22 22 22 22 22 22 22 22 22 22 22 0]
Divisor per O(D): [6 9 18 21 22 22 43 64 85 106 106 22 22 22 22 22 22 22 22 22 
22 22 22 22 22 22 22 22 22 22 22 22 22 22 22 22 22 22 0]

JN = 137/144        , i = [ 10 ]
.D = [6 9 18 21 22 22 44 65 86 107 107 22 22 22 22 22 22 22 22 22 22 22 22 22 22 
22 22 22 22 22 22 22 22 22 22 22 22 22 0]
JN*F - K menys f... = [6 9 18 21 20 18 42 63 85 107 106 16 14 12 10 8 6 5 3 1 -1
-3 -5 -7 -9 -11 -13 -15 -17 -19 -21 -23 -25 -27 -29 -31 -33 -34 0]
Unload(JN*F - K menys f...) = [6 9 18 21 22 22 44 65 86 107 107 22 22 22 22 22 
22 22 22 22 22 22 22 22 22 22 22 22 22 22 22 22 22 22 22 22 22 22 0]
Divisor per O(D): [6 9 18 21 22 22 44 65 86 107 107 22 22 22 22 22 22 22 22 22 
22 22 22 22 22 22 22 22 22 22 22 22 22 22 22 22 22 22 0]

JN = 23/24          , i = [ 3, 10 ]
.D = [7 10 20 22 22 22 44 66 88 110 110 22 22 22 22 22 22 22 22 22 22 22 22 22 22
22 22 22 22 22 22 22 22 22 22 22 22 22 0]
JN*F - K menys f... = [6 9 19 21 20 18 42 64 86 108 107 16 14 13 11 9 7 5 3 1 -1
-3 -5 -7 -9 -11 -13 -15 -17 -19 -21 -23 -25 -27 -29 -31 -33 -34 0]
Unload(JN*F - K menys f...) = [7 10 20 22 22 22 44 66 88 110 110 22 22 22 22 22 
22 22 22 22 22 22 22 22 22 22 22 22 22 22 22 22 22 22 22 22 22 22 0]
Divisor per O(D): [7 10 20 22 22 22 44 66 88 110 110 22 22 22 22 22 22 22 22 22 
22 22 22 22 22 22 22 22 22 22 22 22 22 22 22 22 22 22 0]

JN = 47/48          , i = [ 10 ]
.D = [7 10 20 22 23 23 45 67 89 111 111 23 23 23 23 23 23 23 23 23 23 23 23 23 23
23 23 23 23 23 23 23 23 23 23 23 23 23 0]
JN*F - K menys f... = [6 9 19 22 21 19 43 66 88 111 110 17 15 13 11 9 7 5 3 1 -1
-3 -5 -7 -9 -11 -13 -15 -17 -19 -21 -23 -25 -27 -29 -31 -33 -34 0]
Unload(JN*F - K menys f...) = [7 10 20 22 23 23 45 67 89 111 111 23 23 23 23 23 
23 23 23 23 23 23 23 23 23 23 23 23 23 23 23 23 23 23 23 23 23 23 0]
Divisor per O(D): [7 10 20 22 23 23 45 67 89 111 111 23 23 23 23 23 23 23 23 23 
23 23 23 23 23 23 23 23 23 23 23 23 23 23 23 23 23 23 0]

JN = 71/72          , i = [ 10 ]
.D = [7 10 20 22 23 23 46 68 90 112 112 23 23 23 23 23 23 23 23 23 23 23 23 23 23
23 23 23 23 23 23 23 23 23 23 23 23 23 0]
JN*F - K menys f... = [6 9 19 22 21 19 44 66 89 112 111 17 15 13 11 9 7 5 3 1 -1
-3 -5 -7 -9 -11 -13 -15 -17 -19 -21 -23 -25 -27 -29 -31 -33 -34 0]
Unload(JN*F - K menys f...) = [7 10 20 22 23 23 46 68 90 112 112 23 23 23 23 23 
23 23 23 23 23 23 23 23 23 23 23 23 23 23 23 23 23 23 23 23 23 23 0]
Divisor per O(D): [7 10 20 22 23 23 46 68 90 112 112 23 23 23 23 23 23 23 23 23 
23 23 23 23 23 23 23 23 23 23 23 23 23 23 23 23 23 23 0]

JN = 143/144        , i = [ 10 ]
.D = [7 10 20 23 23 23 46 69 92 115 115 23 23 23 23 23 23 23 23 23 23 23 23 23 23
23 23 23 23 23 23 23 23 23 23 23 23 23 0]
JN*F - K menys f... = [6 9 19 22 21 19 44 67 90 113 112 17 15 13 11 9 7 5 3 1 -1
-3 -5 -7 -9 -11 -13 -15 -17 -19 -21 -23 -25 -27 -29 -31 -33 -34 0]
Unload(JN*F - K menys f...) = [7 10 20 23 23 23 46 69 92 115 115 23 23 23 23 23 
23 23 23 23 23 23 23 23 23 23 23 23 23 23 23 23 23 23 23 23 23 23 0]
Divisor per O(D): [7 10 20 23 23 23 46 69 92 115 115 23 23 23 23 23 23 23 23 23 
23 23 23 23 23 23 23 23 23 23 23 23 23 23 23 23 23 23 0]

JN = 1              , i = [ 39 ]
.D = [10 15 30 35 36 36 72 108 144 180 181 36 36 36 36 36 36 36 36 36 36 36 36 36
36 36 36 36 36 36 36 36 36 36 36 36 36 36 1]
JN*F - K menys f... = [-3 -5 -10 -12 -14 -16 -27 -40 -53 -66 -67 -18 -20 -22 -24
-26 -28 -30 -32 -34 -36 -38 -40 -42 -44 -46 -48 -50 -52 -54 -56 -58 -60 -62 -64 
-66 -68 -70 0]
Unload(JN*F - K menys f...) = [0 0 0 0 0 0 0 0 0 0 0 0 0 0 0 0 0 0 0 0 0 0 0 0 0
0 0 0 0 0 0 0 0 0 0 0 0 0 0]
Divisor per O(D): [0 0 0 0 0 0 0 0 0 0 0 0 0 0 0 0 0 0 0 0 0 0 0 0 0 0 0 0 0 0 0
0 0 0 0 0 0 0 0]

JN = 35/24          , i = [ 3 ]
.D = [11 16 32 37 38 38 76 114 152 190 191 38 38 38 38 38 38 38 38 38 38 38 38 38
38 38 38 38 38 38 38 38 38 38 38 38 38 38 1]
JN*F - K menys f... = [0 0 1 0 -2 -4 -1 -1 -1 0 -1 -7 -9 -11 -14 -16 -19 -21 -24
-26 -29 -31 -34 -36 -39 -41 -43 -46 -48 -51 -53 -56 -58 -61 -63 -66 -68 -70 0]
Unload(JN*F - K menys f...) = [1 1 2 2 2 2 4 6 8 10 10 2 2 2 2 2 2 2 2 2 2 2 2 2
2 2 2 2 2 2 2 2 2 2 2 2 2 2 0]
Divisor per O(D): [1 1 2 2 2 2 4 6 8 10 10 2 2 2 2 2 2 2 2 2 2 2 2 2 2 2 2 2 2 2
2 2 2 2 2 2 2 2 0]

JN = 221/144        , i = [ 10 ]
.D = [11 17 33 38 39 39 78 117 156 195 196 39 39 39 39 39 39 39 39 39 39 39 39 39
39 39 39 39 39 39 39 39 39 39 39 39 39 39 1]
JN*F - K menys f... = [1 1 2 2 0 -2 3 5 8 11 10 -5 -7 -10 -12 -15 -17 -20 -22 
-25 -27 -30 -32 -35 -38 -40 -43 -45 -48 -50 -53 -55 -58 -60 -63 -65 -68 -70 0]
Unload(JN*F - K menys f...) = [1 2 3 3 3 3 6 9 12 15 15 3 3 3 3 3 3 3 3 3 3 3 3 
3 3 3 3 3 3 3 3 3 3 3 3 3 3 3 0]
Divisor per O(D): [1 2 3 3 3 3 6 9 12 15 15 3 3 3 3 3 3 3 3 3 3 3 3 3 3 3 3 3 3 
3 3 3 3 3 3 3 3 3 0]

JN = 113/72         , i = [ 10 ]
.D = [12 17 34 39 40 40 80 120 160 200 201 40 40 40 40 40 40 40 40 40 40 40 40 40
40 40 40 40 40 40 40 40 40 40 40 40 40 40 1]
JN*F - K menys f... = [1 1 3 3 1 -1 5 8 12 16 15 -4 -6 -9 -11 -14 -17 -19 -22 
-24 -27 -29 -32 -35 -37 -40 -42 -45 -47 -50 -53 -55 -58 -60 -63 -65 -68 -70 0]
Unload(JN*F - K menys f...) = [2 2 4 4 4 4 8 12 16 20 20 4 4 4 4 4 4 4 4 4 4 4 4
4 4 4 4 4 4 4 4 4 4 4 4 4 4 4 0]
Divisor per O(D): [2 2 4 4 4 4 8 12 16 20 20 4 4 4 4 4 4 4 4 4 4 4 4 4 4 4 4 4 4
4 4 4 4 4 4 4 4 4 0]

JN = 77/48          , i = [ 10 ]
.D = [12 18 35 40 41 41 82 123 164 205 206 41 41 41 41 41 41 41 41 41 41 41 41 41
41 41 41 41 41 41 41 41 41 41 41 41 41 41 1]
JN*F - K menys f... = [1 2 4 4 2 0 7 11 16 21 20 -3 -5 -8 -11 -13 -16 -18 -21 
-24 -26 -29 -31 -34 -37 -39 -42 -44 -47 -50 -52 -55 -57 -60 -63 -65 -68 -70 0]
Unload(JN*F - K menys f...) = [2 3 5 5 5 5 10 15 20 25 25 5 5 5 5 5 5 5 5 5 5 5 
5 5 5 5 5 5 5 5 5 5 5 5 5 5 5 5 0]
Divisor per O(D): [2 3 5 5 5 5 10 15 20 25 25 5 5 5 5 5 5 5 5 5 5 5 5 5 5 5 5 5 
5 5 5 5 5 5 5 5 5 5 0]

JN = 59/36          , i = [ 10 ]
.D = [12 18 36 41 42 42 84 126 168 210 211 42 42 42 42 42 42 42 42 42 42 42 42 42
42 42 42 42 42 42 42 42 42 42 42 42 42 42 1]
JN*F - K menys f... = [2 2 5 5 3 1 9 14 20 26 25 -2 -5 -7 -10 -12 -15 -18 -20 
-23 -26 -28 -31 -34 -36 -39 -41 -44 -47 -49 -52 -55 -57 -60 -63 -65 -68 -70 0]
Unload(JN*F - K menys f...) = [2 3 6 6 6 6 12 18 24 30 30 6 6 6 6 6 6 6 6 6 6 6 
6 6 6 6 6 6 6 6 6 6 6 6 6 6 6 6 0]
Divisor per O(D): [2 3 6 6 6 6 12 18 24 30 30 6 6 6 6 6 6 6 6 6 6 6 6 6 6 6 6 6 
6 6 6 6 6 6 6 6 6 6 0]

JN = 241/144        , i = [ 10 ]
.D = [12 18 36 42 43 43 86 129 172 215 216 43 43 43 43 43 43 43 43 43 43 43 43 43
43 43 43 43 43 43 43 43 43 43 43 43 43 43 1]
JN*F - K menys f... = [2 3 6 6 4 2 11 17 24 31 30 -1 -4 -6 -9 -12 -14 -17 -20 
-22 -25 -28 -30 -33 -36 -38 -41 -44 -46 -49 -52 -54 -57 -60 -62 -65 -68 -70 0]
Unload(JN*F - K menys f...) = [2 3 6 7 7 7 14 21 28 35 35 7 7 7 7 7 7 7 7 7 7 7 
7 7 7 7 7 7 7 7 7 7 7 7 7 7 7 7 0]
Divisor per O(D): [2 3 6 7 7 7 14 21 28 35 35 7 7 7 7 7 7 7 7 7 7 7 7 7 7 7 7 7 
7 7 7 7 7 7 7 7 7 7 0]

JN = 41/24          , i = [ 3, 10 ]
.D = [13 19 38 43 44 44 88 132 176 220 221 44 44 44 44 44 44 44 44 44 44 44 44 44
44 44 44 44 44 44 44 44 44 44 44 44 44 44 1]
JN*F - K menys f... = [2 3 7 7 5 3 13 20 28 36 35 0 -3 -5 -8 -11 -14 -16 -19 -22
-24 -27 -30 -33 -35 -38 -41 -43 -46 -49 -52 -54 -57 -60 -62 -65 -68 -70 0]
Unload(JN*F - K menys f...) = [3 4 8 8 8 8 16 24 32 40 40 8 8 8 8 8 8 8 8 8 8 8 
8 8 8 8 8 8 8 8 8 8 8 8 8 8 8 8 0]
Divisor per O(D): [3 4 8 8 8 8 16 24 32 40 40 8 8 8 8 8 8 8 8 8 8 8 8 8 8 8 8 8 
8 8 8 8 8 8 8 8 8 8 0]

JN = 251/144        , i = [ 10 ]
.D = [13 19 38 44 45 45 90 135 180 225 226 45 45 45 45 45 45 45 45 45 45 45 45 45
45 45 45 45 45 45 45 45 45 45 45 45 45 45 1]
JN*F - K menys f... = [2 3 7 8 6 4 15 23 32 41 40 1 -2 -5 -7 -10 -13 -16 -18 -21
-24 -27 -29 -32 -35 -38 -40 -43 -46 -49 -51 -54 -57 -60 -62 -65 -68 -70 0]
Unload(JN*F - K menys f...) = [3 4 8 9 9 9 18 27 36 45 45 9 9 9 9 9 9 9 9 9 9 9 
9 9 9 9 9 9 9 9 9 9 9 9 9 9 9 9 0]
Divisor per O(D): [3 4 8 9 9 9 18 27 36 45 45 9 9 9 9 9 9 9 9 9 9 9 9 9 9 9 9 9 
9 9 9 9 9 9 9 9 9 9 0]

JN = 16/9           , i = [ 10 ]
.D = [13 19 38 44 46 46 91 136 181 226 227 46 46 46 46 46 46 46 46 46 46 46 46 46
46 46 46 46 46 46 46 46 46 46 46 46 46 46 1]
JN*F - K menys f... = [3 4 8 9 7 5 17 26 36 46 45 2 -1 -4 -7 -9 -12 -15 -18 -20 
-23 -26 -29 -32 -34 -37 -40 -43 -45 -48 -51 -54 -57 -59 -62 -65 -68 -70 0]
Unload(JN*F - K menys f...) = [3 4 8 9 10 10 19 28 37 46 46 10 10 10 10 10 10 10
10 10 10 10 10 10 10 10 10 10 10 10 10 10 10 10 10 10 10 10 0]
Divisor per O(D): [3 4 8 9 10 10 19 28 37 46 46 10 10 10 10 10 10 10 10 10 10 10
10 10 10 10 10 10 10 10 10 10 10 10 10 10 10 10 0]

JN = 257/144        , i = [ 10 ]
.D = [13 20 39 45 46 46 92 138 184 230 231 46 46 46 46 46 46 46 46 46 46 46 46 46
46 46 46 46 46 46 46 46 46 46 46 46 46 46 1]
JN*F - K menys f... = [3 4 8 9 7 5 17 27 37 47 46 2 -1 -4 -6 -9 -12 -15 -18 -20 
-23 -26 -29 -32 -34 -37 -40 -43 -45 -48 -51 -54 -57 -59 -62 -65 -68 -70 0]
Unload(JN*F - K menys f...) = [3 5 9 10 10 10 20 30 40 50 50 10 10 10 10 10 10 
10 10 10 10 10 10 10 10 10 10 10 10 10 10 10 10 10 10 10 10 10 0]
Divisor per O(D): [3 5 9 10 10 10 20 30 40 50 50 10 10 10 10 10 10 10 10 10 10 
10 10 10 10 10 10 10 10 10 10 10 10 10 10 10 10 10 0]

JN = 29/16          , i = [ 10 ]
.D = [13 20 39 45 47 47 93 139 185 231 232 47 47 47 47 47 47 47 47 47 47 47 47 47
47 47 47 47 47 47 47 47 47 47 47 47 47 47 1]
JN*F - K menys f... = [3 4 9 10 8 5 19 29 40 51 50 3 0 -3 -6 -9 -11 -14 -17 -20 
-23 -25 -28 -31 -34 -37 -40 -42 -45 -48 -51 -54 -56 -59 -62 -65 -68 -70 0]
Unload(JN*F - K menys f...) = [3 5 9 10 11 11 21 31 41 51 51 11 11 11 11 11 11 
11 11 11 11 11 11 11 11 11 11 11 11 11 11 11 11 11 11 11 11 11 0]
Divisor per O(D): [3 5 9 10 11 11 21 31 41 51 51 11 11 11 11 11 11 11 11 11 11 
11 11 11 11 11 11 11 11 11 11 11 11 11 11 11 11 11 0]

JN = 131/72         , i = [ 10 ]
.D = [14 20 40 46 47 47 94 141 188 235 236 47 47 47 47 47 47 47 47 47 47 47 47 47
47 47 47 47 47 47 47 47 47 47 47 47 47 47 1]
JN*F - K menys f... = [3 4 9 10 8 6 19 30 41 52 51 3 0 -3 -6 -8 -11 -14 -17 -20 
-23 -25 -28 -31 -34 -37 -39 -42 -45 -48 -51 -54 -56 -59 -62 -65 -68 -70 0]
Unload(JN*F - K menys f...) = [4 5 10 11 11 11 22 33 44 55 55 11 11 11 11 11 11 
11 11 11 11 11 11 11 11 11 11 11 11 11 11 11 11 11 11 11 11 11 0]
Divisor per O(D): [4 5 10 11 11 11 22 33 44 55 55 11 11 11 11 11 11 11 11 11 11 
11 11 11 11 11 11 11 11 11 11 11 11 11 11 11 11 11 0]

JN = 133/72         , i = [ 10 ]
.D = [14 20 40 46 48 48 95 142 189 236 237 48 48 48 48 48 48 48 48 48 48 48 48 48
48 48 48 48 48 48 48 48 48 48 48 48 48 48 1]
JN*F - K menys f... = [3 5 10 11 9 6 21 32 44 56 55 4 1 -2 -5 -8 -11 -14 -16 -19
-22 -25 -28 -31 -33 -36 -39 -42 -45 -48 -51 -53 -56 -59 -62 -65 -68 -70 0]
Unload(JN*F - K menys f...) = [4 5 10 11 12 12 23 34 45 56 56 12 12 12 12 12 12 
12 12 12 12 12 12 12 12 12 12 12 12 12 12 12 12 12 12 12 12 12 0]
Divisor per O(D): [4 5 10 11 12 12 23 34 45 56 56 12 12 12 12 12 12 12 12 12 12 
12 12 12 12 12 12 12 12 12 12 12 12 12 12 12 12 12 0]

JN = 89/48          , i = [ 10 ]
.D = [14 21 41 47 48 48 96 144 192 240 241 48 48 48 48 48 48 48 48 48 48 48 48 48
48 48 48 48 48 48 48 48 48 48 48 48 48 48 1]
JN*F - K menys f... = [3 5 10 11 9 7 21 33 45 57 56 4 1 -2 -5 -8 -11 -13 -16 -19
-22 -25 -28 -31 -33 -36 -39 -42 -45 -48 -51 -53 -56 -59 -62 -65 -68 -70 0]
Unload(JN*F - K menys f...) = [4 6 11 12 12 12 24 36 48 60 60 12 12 12 12 12 12 
12 12 12 12 12 12 12 12 12 12 12 12 12 12 12 12 12 12 12 12 12 0]
Divisor per O(D): [4 6 11 12 12 12 24 36 48 60 60 12 12 12 12 12 12 12 12 12 12 
12 12 12 12 12 12 12 12 12 12 12 12 12 12 12 12 12 0]

JN = 271/144        , i = [ 10 ]
.D = [14 21 41 47 49 49 97 145 193 241 242 49 49 49 49 49 49 49 49 49 49 49 49 49
49 49 49 49 49 49 49 49 49 49 49 49 49 49 1]
JN*F - K menys f... = [4 5 11 12 10 7 23 35 48 61 60 4 2 -1 -4 -7 -10 -13 -16 
-19 -22 -24 -27 -30 -33 -36 -39 -42 -45 -47 -50 -53 -56 -59 -62 -65 -68 -70 0]
Unload(JN*F - K menys f...) = [4 6 11 12 13 13 25 37 49 61 61 13 13 13 13 13 13 
13 13 13 13 13 13 13 13 13 13 13 13 13 13 13 13 13 13 13 13 13 0]
Divisor per O(D): [4 6 11 12 13 13 25 37 49 61 61 13 13 13 13 13 13 13 13 13 13 
13 13 13 13 13 13 13 13 13 13 13 13 13 13 13 13 13 0]

JN = 17/9           , i = [ 10 ]
.D = [14 21 42 48 49 49 98 147 196 245 246 49 49 49 49 49 49 49 49 49 49 49 49 49
49 49 49 49 49 49 49 49 49 49 49 49 49 49 1]
JN*F - K menys f... = [4 5 11 12 10 8 23 36 49 62 61 5 2 -1 -4 -7 -10 -13 -16 
-18 -21 -24 -27 -30 -33 -36 -39 -42 -44 -47 -50 -53 -56 -59 -62 -65 -68 -70 0]
Unload(JN*F - K menys f...) = [4 6 12 13 13 13 26 39 52 65 65 13 13 13 13 13 13 
13 13 13 13 13 13 13 13 13 13 13 13 13 13 13 13 13 13 13 13 13 0]
Divisor per O(D): [4 6 12 13 13 13 26 39 52 65 65 13 13 13 13 13 13 13 13 13 13 
13 13 13 13 13 13 13 13 13 13 13 13 13 13 13 13 13 0]

JN = 23/12          , i = [ 10 ]
.D = [14 21 42 48 50 50 99 148 197 246 247 50 50 50 50 50 50 50 50 50 50 50 50 50
50 50 50 50 50 50 50 50 50 50 50 50 50 50 1]
JN*F - K menys f... = [4 6 12 13 11 8 25 38 52 66 65 5 2 0 -3 -6 -9 -12 -15 -18 
-21 -24 -27 -30 -33 -35 -38 -41 -44 -47 -50 -53 -56 -59 -62 -65 -68 -70 0]
Unload(JN*F - K menys f...) = [4 6 12 13 14 14 27 40 53 66 66 14 14 14 14 14 14 
14 14 14 14 14 14 14 14 14 14 14 14 14 14 14 14 14 14 14 14 14 0]
Divisor per O(D): [4 6 12 13 14 14 27 40 53 66 66 14 14 14 14 14 14 14 14 14 14 
14 14 14 14 14 14 14 14 14 14 14 14 14 14 14 14 14 0]

JN = 277/144        , i = [ 10 ]
.D = [14 21 42 49 50 50 100 150 200 250 251 50 50 50 50 50 50 50 50 50 50 50 50 
50 50 50 50 50 50 50 50 50 50 50 50 50 50 50 1]
JN*F - K menys f... = [4 6 12 13 11 8 25 39 53 67 66 6 3 0 -3 -6 -9 -12 -15 -18 
-21 -24 -27 -30 -32 -35 -38 -41 -44 -47 -50 -53 -56 -59 -62 -65 -68 -70 0]
Unload(JN*F - K menys f...) = [4 6 12 14 14 14 28 42 56 70 70 14 14 14 14 14 14 
14 14 14 14 14 14 14 14 14 14 14 14 14 14 14 14 14 14 14 14 14 0]
Divisor per O(D): [4 6 12 14 14 14 28 42 56 70 70 14 14 14 14 14 14 14 14 14 14 
14 14 14 14 14 14 14 14 14 14 14 14 14 14 14 14 14 0]

JN = 281/144        , i = [ 10 ]
.D = [14 21 42 49 51 51 101 151 201 251 252 51 51 51 51 51 51 51 51 51 51 51 51 
51 51 51 51 51 51 51 51 51 51 51 51 51 51 51 1]
JN*F - K menys f... = [4 6 12 14 12 9 27 41 56 71 70 6 3 0 -3 -6 -9 -11 -14 -17 
-20 -23 -26 -29 -32 -35 -38 -41 -44 -47 -50 -53 -56 -59 -62 -65 -68 -70 0]
Unload(JN*F - K menys f...) = [4 6 12 14 15 15 29 43 57 71 71 15 15 15 15 15 15 
15 15 15 15 15 15 15 15 15 15 15 15 15 15 15 15 15 15 15 15 15 0]
Divisor per O(D): [4 6 12 14 15 15 29 43 57 71 71 15 15 15 15 15 15 15 15 15 15 
15 15 15 15 15 15 15 15 15 15 15 15 15 15 15 15 15 0]

JN = 47/24          , i = [ 3, 10 ]
.D = [15 22 44 50 51 51 102 153 204 255 256 51 51 51 51 51 51 51 51 51 51 51 51 
51 51 51 51 51 51 51 51 51 51 51 51 51 51 51 1]
JN*F - K menys f... = [4 6 13 14 12 9 27 42 57 72 71 6 3 1 -2 -5 -8 -11 -14 -17 
-20 -23 -26 -29 -32 -35 -38 -41 -44 -47 -50 -53 -56 -59 -62 -65 -68 -70 0]
Unload(JN*F - K menys f...) = [5 7 14 15 15 15 30 45 60 75 75 15 15 15 15 15 15 
15 15 15 15 15 15 15 15 15 15 15 15 15 15 15 15 15 15 15 15 15 0]
Divisor per O(D): [5 7 14 15 15 15 30 45 60 75 75 15 15 15 15 15 15 15 15 15 15 
15 15 15 15 15 15 15 15 15 15 15 15 15 15 15 15 15 0]

JN = 143/72         , i = [ 10 ]
.D = [15 22 44 50 52 52 103 154 205 256 257 52 52 52 52 52 52 52 52 52 52 52 52 
52 52 52 52 52 52 52 52 52 52 52 52 52 52 52 1]
JN*F - K menys f... = [4 6 13 15 13 10 29 44 60 76 75 7 4 1 -2 -5 -8 -11 -14 -17
-20 -23 -26 -29 -32 -35 -38 -41 -44 -47 -50 -53 -56 -59 -62 -65 -68 -70 0]
Unload(JN*F - K menys f...) = [5 7 14 15 16 16 31 46 61 76 76 16 16 16 16 16 16 
16 16 16 16 16 16 16 16 16 16 16 16 16 16 16 16 16 16 16 16 16 0]
Divisor per O(D): [5 7 14 15 16 16 31 46 61 76 76 16 16 16 16 16 16 16 16 16 16 
16 16 16 16 16 16 16 16 16 16 16 16 16 16 16 16 16 0]

JN = 287/144        , i = [ 10 ]
.D = [15 22 44 51 52 52 104 156 208 260 261 52 52 52 52 52 52 52 52 52 52 52 52 
52 52 52 52 52 52 52 52 52 52 52 52 52 52 52 1]
JN*F - K menys f... = [4 6 13 15 13 10 29 45 61 77 76 7 4 1 -2 -5 -8 -11 -14 -17
-20 -23 -26 -29 -32 -35 -38 -41 -44 -47 -50 -53 -56 -59 -62 -65 -68 -70 0]
Unload(JN*F - K menys f...) = [5 7 14 16 16 16 32 48 64 80 80 16 16 16 16 16 16 
16 16 16 16 16 16 16 16 16 16 16 16 16 16 16 16 16 16 16 16 16 0]
Divisor per O(D): [5 7 14 16 16 16 32 48 64 80 80 16 16 16 16 16 16 16 16 16 16 
16 16 16 16 16 16 16 16 16 16 16 16 16 16 16 16 16 0]

JN = 2              , i = [ 39 ]
.D = [20 30 60 70 72 72 144 216 288 360 362 72 72 72 72 72 72 72 72 72 72 72 72 
72 72 72 72 72 72 72 72 72 72 72 72 72 72 72 2]
JN*F - K menys f... = [-5 -8 -16 -19 -22 -25 -42 -62 -82 -102 -103 -28 -31 -34 
-37 -40 -43 -46 -49 -52 -55 -58 -61 -64 -67 -70 -73 -76 -79 -82 -85 -88 -91 -94 
-97 -100 -103 -106 0]
Unload(JN*F - K menys f...) = [0 0 0 0 0 0 0 0 0 0 0 0 0 0 0 0 0 0 0 0 0 0 0 0 0
0 0 0 0 0 0 0 0 0 0 0 0 0 0]
Divisor per O(D): [0 0 0 0 0 0 0 0 0 0 0 0 0 0 0 0 0 0 0 0 0 0 0 0 0 0 0 0 0 0 0
0 0 0 0 0 0 0 0]

JN = 65/24          , i = [ 3 ]
.D = [21 31 62 72 74 74 148 222 296 370 372 74 74 74 74 74 74 74 74 74 74 74 74 
74 74 74 74 74 74 74 74 74 74 74 74 74 74 74 2]
JN*F - K menys f... = [0 0 1 0 -3 -6 -2 -2 -1 0 -1 -10 -14 -17 -21 -25 -29 -32 
-36 -40 -43 -47 -51 -55 -58 -62 -66 -69 -73 -77 -81 -84 -88 -92 -95 -99 -103 
-106 0]
Unload(JN*F - K menys f...) = [1 1 2 2 2 2 4 6 8 10 10 2 2 2 2 2 2 2 2 2 2 2 2 2
2 2 2 2 2 2 2 2 2 2 2 2 2 2 0]
Divisor per O(D): [1 1 2 2 2 2 4 6 8 10 10 2 2 2 2 2 2 2 2 2 2 2 2 2 2 2 2 2 2 2
2 2 2 2 2 2 2 2 0]

JN = 401/144        , i = [ 10 ]
.D = [21 32 63 73 75 75 150 225 300 375 377 75 75 75 75 75 75 75 75 75 75 75 75 
75 75 75 75 75 75 75 75 75 75 75 75 75 75 75 2]
JN*F - K menys f... = [1 1 2 2 -1 -4 2 5 8 11 10 -8 -12 -16 -19 -23 -27 -31 -35 
-38 -42 -46 -50 -54 -57 -61 -65 -69 -72 -76 -80 -84 -88 -91 -95 -99 -103 -106 0]
Unload(JN*F - K menys f...) = [1 2 3 3 3 3 6 9 12 15 15 3 3 3 3 3 3 3 3 3 3 3 3 
3 3 3 3 3 3 3 3 3 3 3 3 3 3 3 0]
Divisor per O(D): [1 2 3 3 3 3 6 9 12 15 15 3 3 3 3 3 3 3 3 3 3 3 3 3 3 3 3 3 3 
3 3 3 3 3 3 3 3 3 0]

JN = 203/72         , i = [ 10 ]
.D = [22 32 64 74 76 76 152 228 304 380 382 76 76 76 76 76 76 76 76 76 76 76 76 
76 76 76 76 76 76 76 76 76 76 76 76 76 76 76 2]
JN*F - K menys f... = [1 1 3 3 0 -3 4 8 12 16 15 -7 -11 -15 -19 -22 -26 -30 -34 
-38 -42 -45 -49 -53 -57 -61 -64 -68 -72 -76 -80 -84 -87 -91 -95 -99 -103 -106 0]
Unload(JN*F - K menys f...) = [2 2 4 4 4 4 8 12 16 20 20 4 4 4 4 4 4 4 4 4 4 4 4
4 4 4 4 4 4 4 4 4 4 4 4 4 4 4 0]
Divisor per O(D): [2 2 4 4 4 4 8 12 16 20 20 4 4 4 4 4 4 4 4 4 4 4 4 4 4 4 4 4 4
4 4 4 4 4 4 4 4 4 0]

JN = 137/48         , i = [ 10 ]
.D = [22 33 65 75 77 77 154 231 308 385 387 77 77 77 77 77 77 77 77 77 77 77 77 
77 77 77 77 77 77 77 77 77 77 77 77 77 77 77 2]
JN*F - K menys f... = [1 2 4 4 1 -2 6 11 16 21 20 -6 -10 -14 -18 -22 -26 -29 -33
-37 -41 -45 -49 -53 -56 -60 -64 -68 -72 -76 -80 -83 -87 -91 -95 -99 -103 -106 0]
Unload(JN*F - K menys f...) = [2 3 5 5 5 5 10 15 20 25 25 5 5 5 5 5 5 5 5 5 5 5 
5 5 5 5 5 5 5 5 5 5 5 5 5 5 5 5 0]
Divisor per O(D): [2 3 5 5 5 5 10 15 20 25 25 5 5 5 5 5 5 5 5 5 5 5 5 5 5 5 5 5 
5 5 5 5 5 5 5 5 5 5 0]

JN = 26/9           , i = [ 10 ]
.D = [22 33 66 76 78 78 156 234 312 390 392 78 78 78 78 78 78 78 78 78 78 78 78 
78 78 78 78 78 78 78 78 78 78 78 78 78 78 78 2]
JN*F - K menys f... = [2 2 5 5 2 -1 8 14 20 26 25 -5 -9 -13 -17 -21 -25 -29 -33 
-36 -40 -44 -48 -52 -56 -60 -64 -68 -71 -75 -79 -83 -87 -91 -95 -99 -103 -106 0]
Unload(JN*F - K menys f...) = [2 3 6 6 6 6 12 18 24 30 30 6 6 6 6 6 6 6 6 6 6 6 
6 6 6 6 6 6 6 6 6 6 6 6 6 6 6 6 0]
Divisor per O(D): [2 3 6 6 6 6 12 18 24 30 30 6 6 6 6 6 6 6 6 6 6 6 6 6 6 6 6 6 
6 6 6 6 6 6 6 6 6 6 0]

JN = 421/144        , i = [ 10 ]
.D = [22 33 66 77 79 79 158 237 316 395 397 79 79 79 79 79 79 79 79 79 79 79 79 
79 79 79 79 79 79 79 79 79 79 79 79 79 79 79 2]
JN*F - K menys f... = [2 3 6 6 3 -1 10 17 24 31 30 -4 -8 -12 -16 -20 -24 -28 -32
-36 -40 -44 -48 -52 -55 -59 -63 -67 -71 -75 -79 -83 -87 -91 -95 -99 -103 -106 0]
Unload(JN*F - K menys f...) = [2 3 6 7 7 7 14 21 28 35 35 7 7 7 7 7 7 7 7 7 7 7 
7 7 7 7 7 7 7 7 7 7 7 7 7 7 7 7 0]
Divisor per O(D): [2 3 6 7 7 7 14 21 28 35 35 7 7 7 7 7 7 7 7 7 7 7 7 7 7 7 7 7 
7 7 7 7 7 7 7 7 7 7 0]

JN = 71/24          , i = [ 3, 10 ]
.D = [23 34 68 78 80 80 160 240 320 400 402 80 80 80 80 80 80 80 80 80 80 80 80 
80 80 80 80 80 80 80 80 80 80 80 80 80 80 80 2]
JN*F - K menys f... = [2 3 7 7 4 0 12 20 28 36 35 -4 -8 -11 -15 -19 -23 -27 -31 
-35 -39 -43 -47 -51 -55 -59 -63 -67 -71 -75 -79 -83 -87 -91 -95 -99 -103 -106 0]
Unload(JN*F - K menys f...) = [3 4 8 8 8 8 16 24 32 40 40 8 8 8 8 8 8 8 8 8 8 8 
8 8 8 8 8 8 8 8 8 8 8 8 8 8 8 8 0]
Divisor per O(D): [3 4 8 8 8 8 16 24 32 40 40 8 8 8 8 8 8 8 8 8 8 8 8 8 8 8 8 8 
8 8 8 8 8 8 8 8 8 8 0]

JN = 431/144        , i = [ 10 ]
.D = [23 34 68 79 81 81 162 243 324 405 407 81 81 81 81 81 81 81 81 81 81 81 81 
81 81 81 81 81 81 81 81 81 81 81 81 81 81 81 2]
JN*F - K menys f... = [2 3 7 8 5 1 14 23 32 41 40 -3 -7 -11 -15 -19 -23 -27 -31 
-35 -39 -43 -47 -51 -55 -59 -63 -67 -71 -75 -79 -83 -87 -91 -95 -99 -103 -106 0]
Unload(JN*F - K menys f...) = [3 4 8 9 9 9 18 27 36 45 45 9 9 9 9 9 9 9 9 9 9 9 
9 9 9 9 9 9 9 9 9 9 9 9 9 9 9 9 0]
Divisor per O(D): [3 4 8 9 9 9 18 27 36 45 45 9 9 9 9 9 9 9 9 9 9 9 9 9 9 9 9 9 
9 9 9 9 9 9 9 9 9 9 0]

JN = 3              , i = [ 39 ]
.D = [30 45 90 105 108 108 216 324 432 540 543 108 108 108 108 108 108 108 108 
108 108 108 108 108 108 108 108 108 108 108 108 108 108 108 108 108 108 108 3]
JN*F - K menys f... = [-7 -11 -22 -26 -30 -34 -57 -84 -111 -138 -139 -38 -42 -46
-50 -54 -58 -62 -66 -70 -74 -78 -82 -86 -90 -94 -98 -102 -106 -110 -114 -118 
-122 -126 -130 -134 -138 -142 0]
Unload(JN*F - K menys f...) = [0 0 0 0 0 0 0 0 0 0 0 0 0 0 0 0 0 0 0 0 0 0 0 0 0
0 0 0 0 0 0 0 0 0 0 0 0 0 0]
Divisor per O(D): [0 0 0 0 0 0 0 0 0 0 0 0 0 0 0 0 0 0 0 0 0 0 0 0 0 0 0 0 0 0 0
0 0 0 0 0 0 0 0]

JN = 95/24          , i = [ 3 ]
.D = [31 46 92 107 110 110 220 330 440 550 553 110 110 110 110 110 110 110 110 
110 110 110 110 110 110 110 110 110 110 110 110 110 110 110 110 110 110 110 3]
JN*F - K menys f... = [0 0 1 0 -4 -9 -3 -2 -1 0 -1 -14 -19 -23 -28 -33 -38 -43 
-48 -53 -58 -63 -68 -73 -78 -83 -88 -93 -98 -103 -108 -113 -118 -123 -128 -133 
-138 -142 0]
Unload(JN*F - K menys f...) = [1 1 2 2 2 2 4 6 8 10 10 2 2 2 2 2 2 2 2 2 2 2 2 2
2 2 2 2 2 2 2 2 2 2 2 2 2 2 0]
Divisor per O(D): [1 1 2 2 2 2 4 6 8 10 10 2 2 2 2 2 2 2 2 2 2 2 2 2 2 2 2 2 2 2
2 2 2 2 2 2 2 2 0]

JN = 4              , i = [ 39 ]

--------------------------------------------------

5/24    | ( x, y )
41/144  | ( y, x^2 )
23/72   | ( x^2, xy, y^2 )
17/48   | ( xy, x^3, y^2 )
7/18    | ( g, x^3, x^2y )
61/144  | ( g, xy^2, x^2y, x^4 )
11/24   | ( x^3y, gy, x^4, gx )
71/144  | ( x^3y, gy, x^2y^2, gx, x^5 )
19/36   | ( gy, gx, x^4y, x^5 )
77/144  | ( gy, gx^2, xy^3, x^2y^2, x^4y )
9/16    | ( gy, gx^2, x^3y^2, x^4y, x^6 )
41/72   | ( x^3y^2, x^6, gx^2, gxy, x^4y, gy^2 )
43/72   | ( x^5y, gx^2, gxy, x^6, gy^2 )
29/48   | ( gx^3, x^3y^2, x^2y^3, gxy, gy^2, x^5y )
91/144  | ( x^5y, gx^3, x^7, gxy, x^4y^2, gy^2 )
23/36   | ( g^2, x^5y, gx^3, x^7, x^4y^2, gx^2y )
2/3     | ( gx^3, g^2, x^6y, gx^2y, x^7 )
97/144  | ( g^2, gxy^2, gx^4, x^4y^2, gx^2y, x^6y, x^3y^3 )
101/144 | ( g^2, x^6y, x^5y^2, gx^2y, gxy^2, gx^4, x^8 )
17/24   | ( x^6y, g^2y, x^5y^2, gx^3y, gx^4, g^2x, x^8 )
53/72   | ( g^2y, gx^3y, gx^4, g^2x, x^8, x^7y )
107/144 | ( gx^5, x^4y^3, g^2y, x^5y^2, gx^3y, gx^2y^2, g^2x, x^7y )
37/48   | ( gx^5, g^2y, gx^3y, gx^2y^2, g^2x, x^9, x^6y^2, x^7y )
7/9     | ( gx^5, g^2y, g^2x, x^9, x^6y^2, x^7y, gx^4y )
113/144 | ( x^3y^4, x^4y^3, g^2y, gxy^3, g^2x^2, gx^2y^2, x^6y^2, gx^4y )
29/36   | ( gxy^3, gx^4y, x^8y, g^2y, x^5y^3, x^6y^2, g^2x^2, gx^2y^2 )
13/16   | ( gx^3y^2, x^8y, g^2y, g^2x^2, x^6y^2, gx^6, gx^4y, x^5y^3 )
59/72   | ( gx^6, g^2x^2, x^6y^2, gx^4y, x^8y, x^5y^3, gx^3y^2, g^2y^2, g^2xy )
121/144 | ( g^2xy, gx^3y^2, x^8y, g^2y^2, x^7y^2, g^2x^2, x^{10}, gx^6, gx^4y )
61/72   | ( gx^6, x^8y, gx^5y, x^{10}, x^7y^2, g^2xy, g^2x^2, g^2y^2 )
41/48   | ( x^7y^2, x^4y^4, gx^5y, x^5y^3, gx^3y^2, g^2x^3, g^2y^2, g^2xy, gx^2y^3 )
7/8     | ( x^7y^2, gx^5y, x^6y^3, x^9y, gx^3y^2, g^2x^3, g^2y^2, g^2xy, gx^2y^3 )
127/144 | ( g^2xy, g^2y^2, x^7y^2, gx^7, x^6y^3, x^9y, gx^5y, g^2x^3, gx^4y^2 )
8/9     | ( gx^4y^2, x^7y^2, gx^5y, x^6y^3, x^9y, g^2x^3, gx^7, g^3, g^2x^2y )
131/144 | ( x^{11}, gx^4y^2, gx^5y, x^8y^2, x^9y, g^2x^3, gx^7, g^3, g^2x^2y )
11/12   | ( g^2x^2y, x^{11}, gx^7, x^9y, gx^6y, g^3, x^8y^2, g^2x^3 )
133/144 | ( g^2x^2y, g^2xy^2, x^6y^3, gx^6y, g^3, x^8y^2, x^5y^4, g^2x^4, gx^4y^2, gx^3y^3 )
17/18   | ( x^7y^3, g^2x^4, gx^4y^2, x^{10}y, gx^3y^3, x^8y^2, g^2xy^2, gx^6y, g^3, g^2x^2y )
137/144 | ( x^7y^3, g^2x^4, x^{10}y, x^8y^2, gx^5y^2, g^2xy^2, gx^6y, g^3, gx^8, g^2x^2y )
23/24   | ( g^2x^3y, x^7y^3, g^2x^4, x^{10}y, g^3y, x^8y^2, gx^5y^2, gx^6y, g^3x, gx^8 )
47/48   | ( g^2x^3y, g^2x^4, x^{10}y, g^3y, gx^5y^2, x^9y^2, gx^6y, x^{12}, g^3x, gx^8 )
71/72   | ( g^2x^3y, g^2x^4, x^{10}y, g^3y, gx^7y, x^9y^2, x^{12}, g^3x, gx^8 )
143/144 | ( g^2x^3y, x^7y^3, gx^7y, g^3y, g^2x^5, x^6y^4, gx^4y^3, gx^5y^2, g^2x^2y^2, x^9y^2, g^3x )
1       | f * ( 1 )
35/24   | f * ( x, y )
221/144 | f * ( y, x^2 )
113/72  | f * ( x^2, xy, y^2 )
77/48   | f * ( xy, x^3, y^2 )
59/36   | f * ( g, x^3, x^2y )
241/144 | f * ( g, xy^2, x^2y, x^4 )
41/24   | f * ( x^3y, gy, x^4, gx )
251/144 | f * ( x^3y, gy, x^2y^2, gx, x^5 )
16/9    | f * ( gy, gx, x^4y, x^5 )
257/144 | f * ( gy, gx^2, xy^3, x^2y^2, x^4y )
29/16   | f * ( gy, gx^2, x^3y^2, x^4y, x^6 )
131/72  | f * ( x^3y^2, x^6, gx^2, gxy, x^4y, gy^2 )
133/72  | f * ( x^5y, gx^2, gxy, x^6, gy^2 )
89/48   | f * ( gx^3, x^3y^2, x^2y^3, gxy, gy^2, x^5y )
271/144 | f * ( x^5y, gx^3, x^7, gxy, x^4y^2, gy^2 )
17/9    | f * ( g^2, x^5y, gx^3, x^7, x^4y^2, gx^2y )
23/12   | f * ( gx^3, g^2, x^6y, gx^2y, x^7 )
277/144 | f * ( g^2, gxy^2, gx^4, x^4y^2, gx^2y, x^6y, x^3y^3 )
281/144 | f * ( g^2, x^6y, x^5y^2, gx^2y, gxy^2, gx^4, x^8 )
47/24   | f * ( x^6y, g^2y, x^5y^2, gx^3y, gx^4, g^2x, x^8 )
143/72  | f * ( g^2y, gx^3y, gx^4, g^2x, x^8, x^7y )
287/144 | f * ( gx^5, x^4y^3, g^2y, x^5y^2, gx^3y, gx^2y^2, g^2x, x^7y )
2       | f^2 * ( 1 )
65/24   | f^2 * ( x, y )
401/144 | f^2 * ( y, x^2 )
203/72  | f^2 * ( x^2, xy, y^2 )
137/48  | f^2 * ( xy, x^3, y^2 )
26/9    | f^2 * ( g, x^3, x^2y )
421/144 | f^2 * ( g, xy^2, x^2y, x^4 )
71/24   | f^2 * ( x^3y, gy, x^4, gx )
431/144 | f^2 * ( x^3y, gy, x^2y^2, gx, x^5 )
3       | f^3 * ( 1 )
95/24   | f^3 * ( x, y )

--------------------------------------------------

JN:

[ 5/24, 41/144, 23/72, 17/48, 7/18, 61/144, 11/24, 71/144, 19/36, 77/144, 9/16, 
41/72, 43/72, 29/48, 91/144, 23/36, 2/3, 97/144, 101/144, 17/24, 53/72, 107/144,
37/48, 7/9, 113/144, 29/36, 13/16, 59/72, 121/144, 61/72, 41/48, 7/8, 127/144, 
8/9, 131/144, 11/12, 133/144, 17/18, 137/144, 23/24, 47/48, 71/72, 143/144 ]

[ 1, 35/24, 221/144, 113/72, 77/48, 59/36, 241/144, 41/24, 251/144, 16/9, 
257/144, 29/16, 131/72, 133/72, 89/48, 271/144, 17/9, 23/12, 277/144, 281/144, 
47/24, 143/72, 287/144 ]

[ 2, 65/24, 401/144, 203/72, 137/48, 26/9, 421/144, 71/24, 431/144 ]

[ 3, 95/24 ]

JN fract:

0 + [ 5/24, 41/144, 23/72, 17/48, 7/18, 61/144, 11/24, 71/144, 19/36, 77/144, 
9/16, 41/72, 43/72, 29/48, 91/144, 23/36, 2/3, 97/144, 101/144, 17/24, 53/72, 
107/144, 37/48, 7/9, 113/144, 29/36, 13/16, 59/72, 121/144, 61/72, 41/48, 7/8, 
127/144, 8/9, 131/144, 11/12, 133/144, 17/18, 137/144, 23/24, 47/48, 71/72, 
143/144 ]

1 + [ 0, 11/24, 77/144, 41/72, 29/48, 23/36, 97/144, 17/24, 107/144, 7/9, 
113/144, 13/16, 59/72, 61/72, 41/48, 127/144, 8/9, 11/12, 133/144, 137/144, 
23/24, 71/72, 143/144 ]

2 + [ 0, 17/24, 113/144, 59/72, 41/48, 8/9, 133/144, 23/24, 143/144 ]

3 + [ 0, 23/24 ]

