f = (y^2-x^3)^4 + x^8*y^5
g = y^2+x^3

A = [8 12 24 28 31 60 92 124 125 24 24 24 24 24 24 24 24 24 24 24 24 24 24 24 24
24 24]
B = [2 3 6 6 6 12 18 24 24 7 8 9 10 11 12 13 14 15 16 17 18 19 20 21 22 23 24]
C = [
<1, 0>,
<1, 0>,
<0, 1>,
<1, 1>,
<1, 0>,
<0, 1>,
<0, 1>,
<0, 1>,
<1, r2>,
<1, r1>,
<1, 0>,
<1, 0>,
<1, 0>,
<1, 0>,
<1, 0>,
<1, 0>,
<1, 0>,
<1, 0>,
<1, 0>,
<1, 0>,
<1, 0>,
<1, 0>,
<1, 0>,
<1, 0>,
<1, 0>,
<1, 0>,
<1, 0>
]
AmB (>0) = [6 9 18 22 25 48 74 100 101 17 16 15 14 13 12 11 10 9 8 7 6 5 4 3 2 1
0]
P = 
[1 0 0 0 0 0 0 0 0 0 0 0 0 0 0 0 0 0 0 0 0 0 0 0 0 0 0]
[-1 1 0 0 0 0 0 0 0 0 0 0 0 0 0 0 0 0 0 0 0 0 0 0 0 0 0]
[-1 -1 1 0 0 0 0 0 0 0 0 0 0 0 0 0 0 0 0 0 0 0 0 0 0 0 0]
[0 0 -1 1 0 0 0 0 0 0 0 0 0 0 0 0 0 0 0 0 0 0 0 0 0 0 0]
[0 0 0 -1 1 0 0 0 0 0 0 0 0 0 0 0 0 0 0 0 0 0 0 0 0 0 0]
[0 0 0 -1 -1 1 0 0 0 0 0 0 0 0 0 0 0 0 0 0 0 0 0 0 0 0 0]
[0 0 0 0 -1 -1 1 0 0 0 0 0 0 0 0 0 0 0 0 0 0 0 0 0 0 0 0]
[0 0 0 0 -1 0 -1 1 0 0 0 0 0 0 0 0 0 0 0 0 0 0 0 0 0 0 0]
[0 0 0 0 0 0 0 -1 1 0 0 0 0 0 0 0 0 0 0 0 0 0 0 0 0 0 0]
[0 0 -1 0 0 0 0 0 0 1 0 0 0 0 0 0 0 0 0 0 0 0 0 0 0 0 0]
[0 0 0 0 0 0 0 0 0 -1 1 0 0 0 0 0 0 0 0 0 0 0 0 0 0 0 0]
[0 0 0 0 0 0 0 0 0 0 -1 1 0 0 0 0 0 0 0 0 0 0 0 0 0 0 0]
[0 0 0 0 0 0 0 0 0 0 0 -1 1 0 0 0 0 0 0 0 0 0 0 0 0 0 0]
[0 0 0 0 0 0 0 0 0 0 0 0 -1 1 0 0 0 0 0 0 0 0 0 0 0 0 0]
[0 0 0 0 0 0 0 0 0 0 0 0 0 -1 1 0 0 0 0 0 0 0 0 0 0 0 0]
[0 0 0 0 0 0 0 0 0 0 0 0 0 0 -1 1 0 0 0 0 0 0 0 0 0 0 0]
[0 0 0 0 0 0 0 0 0 0 0 0 0 0 0 -1 1 0 0 0 0 0 0 0 0 0 0]
[0 0 0 0 0 0 0 0 0 0 0 0 0 0 0 0 -1 1 0 0 0 0 0 0 0 0 0]
[0 0 0 0 0 0 0 0 0 0 0 0 0 0 0 0 0 -1 1 0 0 0 0 0 0 0 0]
[0 0 0 0 0 0 0 0 0 0 0 0 0 0 0 0 0 0 -1 1 0 0 0 0 0 0 0]
[0 0 0 0 0 0 0 0 0 0 0 0 0 0 0 0 0 0 0 -1 1 0 0 0 0 0 0]
[0 0 0 0 0 0 0 0 0 0 0 0 0 0 0 0 0 0 0 0 -1 1 0 0 0 0 0]
[0 0 0 0 0 0 0 0 0 0 0 0 0 0 0 0 0 0 0 0 0 -1 1 0 0 0 0]
[0 0 0 0 0 0 0 0 0 0 0 0 0 0 0 0 0 0 0 0 0 0 -1 1 0 0 0]
[0 0 0 0 0 0 0 0 0 0 0 0 0 0 0 0 0 0 0 0 0 0 0 -1 1 0 0]
[0 0 0 0 0 0 0 0 0 0 0 0 0 0 0 0 0 0 0 0 0 0 0 0 -1 1 0]
[0 0 0 0 0 0 0 0 0 0 0 0 0 0 0 0 0 0 0 0 0 0 0 0 0 -1 1]

.D = [0 0 0 0 0 0 0 0 0 0 0 0 0 0 0 0 0 0 0 0 0 0 0 0 0 0 0 0]
JN*F - K menys f... = [-1 -2 -4 -5 -6 -12 -19 -26 -27 -5 -6 -7 -8 -9 -10 -11 -12
-13 -14 -15 -16 -17 -18 -19 -20 -21 -22 0]
Unload(JN*F - K menys f...) = [0 0 0 0 0 0 0 0 0 0 0 0 0 0 0 0 0 0 0 0 0 0 0 0 0
0 0 0]

JN = 27/100         , i = [ 8 ]
.D = [1 1 2 2 2 4 6 8 8 2 2 2 2 2 2 2 2 2 2 2 2 2 2 2 2 2 2 0]
JN*F - K menys f... = [0 0 0 0 0 0 0 1 0 -1 -2 -3 -5 -6 -7 -9 -10 -11 -12 -14 
-15 -16 -17 -19 -20 -21 -22 0]
Unload(JN*F - K menys f...) = [1 1 2 2 2 4 6 8 8 2 2 2 2 2 2 2 2 2 2 2 2 2 2 2 2
2 2 0]
Divisor per O(D): [1 1 2 2 2 4 6 8 8 2 2 2 2 2 2 2 2 2 2 2 2 2 2 2 2 2 2 0]

JN = 7/20           , i = [ 8 ]
.D = [1 2 3 3 3 6 9 12 12 3 3 3 3 3 3 3 3 3 3 3 3 3 3 3 3 3 3 0]
JN*F - K menys f... = [1 1 2 2 2 4 6 9 8 0 -1 -2 -4 -5 -6 -8 -9 -10 -12 -13 -14 
-16 -17 -18 -20 -21 -22 0]
Unload(JN*F - K menys f...) = [1 2 3 3 3 6 9 12 12 3 3 3 3 3 3 3 3 3 3 3 3 3 3 3
3 3 3 0]
Divisor per O(D): [1 2 3 3 3 6 9 12 12 3 3 3 3 3 3 3 3 3 3 3 3 3 3 3 3 3 3 0]

JN = 39/100         , i = [ 8 ]
.D = [2 2 4 4 4 8 12 16 16 4 4 4 4 4 4 4 4 4 4 4 4 4 4 4 4 4 4 0]
JN*F - K menys f... = [1 1 3 3 3 6 9 13 12 1 0 -2 -3 -4 -6 -7 -9 -10 -11 -13 -14
-16 -17 -18 -20 -21 -22 0]
Unload(JN*F - K menys f...) = [2 2 4 4 4 8 12 16 16 4 4 4 4 4 4 4 4 4 4 4 4 4 4 
4 4 4 4 0]
Divisor per O(D): [2 2 4 4 4 8 12 16 16 4 4 4 4 4 4 4 4 4 4 4 4 4 4 4 4 4 4 0]

JN = 43/100         , i = [ 8 ]
.D = [2 3 5 5 5 10 15 20 20 5 5 5 5 5 5 5 5 5 5 5 5 5 5 5 5 5 5 0]
JN*F - K menys f... = [1 1 3 4 4 8 12 17 16 2 0 -1 -2 -4 -5 -7 -8 -10 -11 -12 
-14 -15 -17 -18 -20 -21 -22 0]
Unload(JN*F - K menys f...) = [2 3 5 5 5 10 15 20 20 5 5 5 5 5 5 5 5 5 5 5 5 5 5
5 5 5 5 0]
Divisor per O(D): [2 3 5 5 5 10 15 20 20 5 5 5 5 5 5 5 5 5 5 5 5 5 5 5 5 5 5 0]

JN = 47/100         , i = [ 8 ]
.D = [2 3 6 6 6 12 18 24 24 6 6 6 6 6 6 6 6 6 6 6 6 6 6 6 6 6 6 0]
JN*F - K menys f... = [1 2 4 5 5 10 15 21 20 2 1 0 -2 -3 -5 -6 -8 -9 -11 -12 -14
-15 -17 -18 -20 -21 -22 0]
Unload(JN*F - K menys f...) = [2 3 6 6 6 12 18 24 24 6 6 6 6 6 6 6 6 6 6 6 6 6 6
6 6 6 6 0]
Divisor per O(D): [2 3 6 6 6 12 18 24 24 6 6 6 6 6 6 6 6 6 6 6 6 6 6 6 6 6 6 0]

JN = 51/100         , i = [ 8 ]
.D = [2 3 6 7 7 14 21 28 28 6 6 6 6 6 6 6 6 6 6 6 6 6 6 6 6 6 6 0]
JN*F - K menys f... = [2 2 5 6 6 12 18 25 24 3 2 0 -1 -3 -4 -6 -7 -9 -10 -12 -13
-15 -16 -18 -19 -21 -22 0]
Unload(JN*F - K menys f...) = [2 3 6 7 7 14 21 28 28 6 6 6 6 6 6 6 6 6 6 6 6 6 6
6 6 6 6 0]
Divisor per O(D): [2 3 6 7 7 14 21 28 28 6 6 6 6 6 6 6 6 6 6 6 6 6 6 6 6 6 6 0]

JN = 11/20          , i = [ 8 ]
.D = [2 3 6 7 8 15 23 31 31 6 6 6 6 6 6 6 6 6 6 6 6 6 6 6 6 6 6 0]
JN*F - K menys f... = [2 2 5 7 7 14 21 29 28 4 2 1 -1 -2 -4 -5 -7 -9 -10 -12 -13
-15 -16 -18 -19 -21 -22 0]
Unload(JN*F - K menys f...) = [2 3 6 7 8 15 23 31 31 6 6 6 6 6 6 6 6 6 6 6 6 6 6
6 6 6 6 0]
Divisor per O(D): [2 3 6 7 8 15 23 31 31 6 6 6 6 6 6 6 6 6 6 6 6 6 6 6 6 6 6 0]

JN = 29/50          , i = [ 8 ]
.D = [3 4 8 8 8 16 24 32 32 8 8 8 8 8 8 8 8 8 8 8 8 8 8 8 8 8 8 0]
JN*F - K menys f... = [2 3 6 7 8 15 23 32 31 4 3 1 0 -2 -4 -5 -7 -8 -10 -11 -13 
-15 -16 -18 -19 -21 -22 0]
Unload(JN*F - K menys f...) = [3 4 8 8 8 16 24 32 32 8 8 8 8 8 8 8 8 8 8 8 8 8 8
8 8 8 8 0]
Divisor per O(D): [3 4 8 8 8 16 24 32 32 8 8 8 8 8 8 8 8 8 8 8 8 8 8 8 8 8 8 0]

JN = 59/100         , i = [ 8 ]
.D = [3 4 8 9 9 18 27 36 36 8 8 8 8 8 8 8 8 8 8 8 8 8 8 8 8 8 8 0]
JN*F - K menys f... = [2 3 6 7 8 16 24 33 32 5 3 1 0 -2 -3 -5 -7 -8 -10 -11 -13 
-15 -16 -18 -19 -21 -22 0]
Unload(JN*F - K menys f...) = [3 4 8 9 9 18 27 36 36 8 8 8 8 8 8 8 8 8 8 8 8 8 8
8 8 8 8 0]
Divisor per O(D): [3 4 8 9 9 18 27 36 36 8 8 8 8 8 8 8 8 8 8 8 8 8 8 8 8 8 8 0]

JN = 63/100         , i = [ 8 ]
.D = [3 4 8 9 10 19 29 39 39 8 8 8 8 8 8 8 8 8 8 8 8 8 8 8 8 8 8 0]
JN*F - K menys f... = [2 3 7 8 9 18 27 37 36 5 4 2 0 -1 -3 -5 -6 -8 -9 -11 -13 
-14 -16 -18 -19 -21 -22 0]
Unload(JN*F - K menys f...) = [3 4 8 9 10 19 29 39 39 8 8 8 8 8 8 8 8 8 8 8 8 8 
8 8 8 8 8 0]
Divisor per O(D): [3 4 8 9 10 19 29 39 39 8 8 8 8 8 8 8 8 8 8 8 8 8 8 8 8 8 8 0]

JN = 33/50          , i = [ 8 ]
.D = [3 5 9 10 10 20 30 40 40 9 9 9 9 9 9 9 9 9 9 9 9 9 9 9 9 9 9 0]
JN*F - K menys f... = [2 3 7 9 10 19 29 40 39 6 4 2 1 -1 -3 -4 -6 -8 -9 -11 -13 
-14 -16 -18 -19 -21 -22 0]
Unload(JN*F - K menys f...) = [3 5 9 10 10 20 30 40 40 9 9 9 9 9 9 9 9 9 9 9 9 9
9 9 9 9 9 0]
Divisor per O(D): [3 5 9 10 10 20 30 40 40 9 9 9 9 9 9 9 9 9 9 9 9 9 9 9 9 9 9 
0]

JN = 67/100         , i = [ 8 ]
.D = [3 5 9 10 11 21 32 43 43 9 9 9 9 9 9 9 9 9 9 9 9 9 9 9 9 9 9 0]
JN*F - K menys f... = [3 4 8 9 10 20 30 41 40 6 4 3 1 -1 -2 -4 -6 -7 -9 -11 -12 
-14 -16 -17 -19 -21 -22 0]
Unload(JN*F - K menys f...) = [3 5 9 10 11 21 32 43 43 9 9 9 9 9 9 9 9 9 9 9 9 9
9 9 9 9 9 0]
Divisor per O(D): [3 5 9 10 11 21 32 43 43 9 9 9 9 9 9 9 9 9 9 9 9 9 9 9 9 9 9 
0]

JN = 7/10           , i = [ 8 ]
.D = [4 5 10 11 11 22 33 44 44 10 10 10 10 10 10 10 10 10 10 10 10 10 10 10 10 10
10 0]
JN*F - K menys f... = [3 4 8 10 11 21 32 44 43 6 5 3 1 0 -2 -4 -5 -7 -9 -11 -12 
-14 -16 -17 -19 -21 -22 0]
Unload(JN*F - K menys f...) = [4 5 10 11 11 22 33 44 44 10 10 10 10 10 10 10 10 
10 10 10 10 10 10 10 10 10 10 0]
Divisor per O(D): [4 5 10 11 11 22 33 44 44 10 10 10 10 10 10 10 10 10 10 10 10 
10 10 10 10 10 10 0]

JN = 71/100         , i = [ 8 ]
.D = [4 5 10 11 12 23 35 47 47 10 10 10 10 10 10 10 10 10 10 10 10 10 10 10 10 10
10 0]
JN*F - K menys f... = [3 4 8 10 11 22 33 45 44 7 5 3 1 0 -2 -4 -5 -7 -9 -11 -12 
-14 -16 -17 -19 -21 -22 0]
Unload(JN*F - K menys f...) = [4 5 10 11 12 23 35 47 47 10 10 10 10 10 10 10 10 
10 10 10 10 10 10 10 10 10 10 0]
Divisor per O(D): [4 5 10 11 12 23 35 47 47 10 10 10 10 10 10 10 10 10 10 10 10 
10 10 10 10 10 10 0]

JN = 37/50          , i = [ 8 ]
.D = [4 6 11 12 12 24 36 48 48 11 11 11 11 11 11 11 11 11 11 11 11 11 11 11 11 11
11 0]
JN*F - K menys f... = [3 4 9 11 12 23 35 48 47 7 5 4 2 0 -2 -3 -5 -7 -9 -10 -12 
-14 -16 -17 -19 -21 -22 0]
Unload(JN*F - K menys f...) = [4 6 11 12 12 24 36 48 48 11 11 11 11 11 11 11 11 
11 11 11 11 11 11 11 11 11 11 0]
Divisor per O(D): [4 6 11 12 12 24 36 48 48 11 11 11 11 11 11 11 11 11 11 11 11 
11 11 11 11 11 11 0]

JN = 3/4            , i = [ 8 ]
.D = [4 6 11 12 13 25 38 51 51 11 11 11 11 11 11 11 11 11 11 11 11 11 11 11 11 11
11 0]
JN*F - K menys f... = [3 4 9 11 12 24 36 49 48 7 6 4 2 0 -1 -3 -5 -7 -8 -10 -12 
-14 -15 -17 -19 -21 -22 0]
Unload(JN*F - K menys f...) = [4 6 11 12 13 25 38 51 51 11 11 11 11 11 11 11 11 
11 11 11 11 11 11 11 11 11 11 0]
Divisor per O(D): [4 6 11 12 13 25 38 51 51 11 11 11 11 11 11 11 11 11 11 11 11 
11 11 11 11 11 11 0]

JN = 39/50          , i = [ 8 ]
.D = [4 6 12 13 13 26 39 52 52 12 12 12 12 12 12 12 12 12 12 12 12 12 12 12 12 12
12 0]
JN*F - K menys f... = [3 5 10 12 13 25 38 52 51 8 6 4 2 1 -1 -3 -5 -6 -8 -10 -12
-14 -15 -17 -19 -21 -22 0]
Unload(JN*F - K menys f...) = [4 6 12 13 13 26 39 52 52 12 12 12 12 12 12 12 12 
12 12 12 12 12 12 12 12 12 12 0]
Divisor per O(D): [4 6 12 13 13 26 39 52 52 12 12 12 12 12 12 12 12 12 12 12 12 
12 12 12 12 12 12 0]

JN = 79/100         , i = [ 8 ]
.D = [4 6 12 13 14 27 41 55 55 12 12 12 12 12 12 12 12 12 12 12 12 12 12 12 12 12
12 0]
JN*F - K menys f... = [3 5 10 12 13 25 39 53 52 8 6 4 3 1 -1 -3 -5 -6 -8 -10 -12
-14 -15 -17 -19 -21 -22 0]
Unload(JN*F - K menys f...) = [4 6 12 13 14 27 41 55 55 12 12 12 12 12 12 12 12 
12 12 12 12 12 12 12 12 12 12 0]
Divisor per O(D): [4 6 12 13 14 27 41 55 55 12 12 12 12 12 12 12 12 12 12 12 12 
12 12 12 12 12 12 0]

JN = 41/50          , i = [ 8 ]
.D = [4 6 12 14 14 28 42 56 56 12 12 12 12 12 12 12 12 12 12 12 12 12 12 12 12 12
12 0]
JN*F - K menys f... = [3 5 10 13 14 27 41 56 55 8 7 5 3 1 -1 -2 -4 -6 -8 -10 -12
-13 -15 -17 -19 -21 -22 0]
Unload(JN*F - K menys f...) = [4 6 12 14 14 28 42 56 56 12 12 12 12 12 12 12 12 
12 12 12 12 12 12 12 12 12 12 0]
Divisor per O(D): [4 6 12 14 14 28 42 56 56 12 12 12 12 12 12 12 12 12 12 12 12 
12 12 12 12 12 12 0]

JN = 83/100         , i = [ 8 ]
.D = [4 6 12 14 15 29 44 59 59 12 12 12 12 12 12 12 12 12 12 12 12 12 12 12 12 12
12 0]
JN*F - K menys f... = [3 5 10 13 14 27 42 57 56 9 7 5 3 1 -1 -2 -4 -6 -8 -10 -12
-13 -15 -17 -19 -21 -22 0]
Unload(JN*F - K menys f...) = [4 6 12 14 15 29 44 59 59 12 12 12 12 12 12 12 12 
12 12 12 12 12 12 12 12 12 12 0]
Divisor per O(D): [4 6 12 14 15 29 44 59 59 12 12 12 12 12 12 12 12 12 12 12 12 
12 12 12 12 12 12 0]

JN = 43/50          , i = [ 8 ]
.D = [4 6 12 14 15 30 45 60 60 12 12 12 12 12 12 12 12 12 12 12 12 12 12 12 12 12
12 0]
JN*F - K menys f... = [4 5 11 13 15 29 44 60 59 9 7 5 4 2 0 -2 -4 -6 -8 -9 -11 
-13 -15 -17 -19 -21 -22 0]
Unload(JN*F - K menys f...) = [4 6 12 14 15 30 45 60 60 12 12 12 12 12 12 12 12 
12 12 12 12 12 12 12 12 12 12 0]
Divisor per O(D): [4 6 12 14 15 30 45 60 60 12 12 12 12 12 12 12 12 12 12 12 12 
12 12 12 12 12 12 0]

JN = 87/100         , i = [ 8 ]
.D = [4 6 12 14 16 30 46 62 62 12 12 12 12 12 12 12 12 12 12 12 12 12 12 12 12 12
12 0]
JN*F - K menys f... = [4 5 11 14 15 29 45 61 60 9 7 6 4 2 0 -2 -4 -6 -8 -9 -11 
-13 -15 -17 -19 -21 -22 0]
Unload(JN*F - K menys f...) = [4 6 12 14 16 30 46 62 62 12 12 12 12 12 12 12 12 
12 12 12 12 12 12 12 12 12 12 0]
Divisor per O(D): [4 6 12 14 16 30 46 62 62 12 12 12 12 12 12 12 12 12 12 12 12 
12 12 12 12 12 12 0]

JN = 89/100         , i = [ 8 ]
.D = [5 7 14 15 16 31 47 63 63 14 14 14 14 14 14 14 14 14 14 14 14 14 14 14 14 14
14 0]
JN*F - K menys f... = [4 6 12 14 16 30 46 63 62 10 8 6 4 2 0 -2 -4 -5 -7 -9 -11 
-13 -15 -17 -19 -21 -22 0]
Unload(JN*F - K menys f...) = [5 7 14 15 16 31 47 63 63 14 14 14 14 14 14 14 14 
14 14 14 14 14 14 14 14 14 14 0]
Divisor per O(D): [5 7 14 15 16 31 47 63 63 14 14 14 14 14 14 14 14 14 14 14 14 
14 14 14 14 14 14 0]

JN = 9/10           , i = [ 8 ]
.D = [5 7 14 16 16 32 48 64 64 14 14 14 14 14 14 14 14 14 14 14 14 14 14 14 14 14
14 0]
JN*F - K menys f... = [4 6 12 14 16 31 47 64 63 10 8 6 4 2 0 -2 -3 -5 -7 -9 -11 
-13 -15 -17 -19 -21 -22 0]
Unload(JN*F - K menys f...) = [5 7 14 16 16 32 48 64 64 14 14 14 14 14 14 14 14 
14 14 14 14 14 14 14 14 14 14 0]
Divisor per O(D): [5 7 14 16 16 32 48 64 64 14 14 14 14 14 14 14 14 14 14 14 14 
14 14 14 14 14 14 0]

JN = 91/100         , i = [ 8 ]
.D = [5 7 14 16 17 33 50 67 67 14 14 14 14 14 14 14 14 14 14 14 14 14 14 14 14 14
14 0]
JN*F - K menys f... = [4 6 12 15 16 31 48 65 64 10 8 6 4 2 0 -1 -3 -5 -7 -9 -11 
-13 -15 -17 -19 -21 -22 0]
Unload(JN*F - K menys f...) = [5 7 14 16 17 33 50 67 67 14 14 14 14 14 14 14 14 
14 14 14 14 14 14 14 14 14 14 0]
Divisor per O(D): [5 7 14 16 17 33 50 67 67 14 14 14 14 14 14 14 14 14 14 14 14 
14 14 14 14 14 14 0]

JN = 47/50          , i = [ 8 ]
.D = [5 7 14 16 17 34 51 68 68 14 14 14 14 14 14 14 14 14 14 14 14 14 14 14 14 14
14 0]
JN*F - K menys f... = [4 6 12 15 17 33 50 68 67 10 9 7 5 3 1 -1 -3 -5 -7 -9 -11 
-13 -15 -17 -19 -21 -22 0]
Unload(JN*F - K menys f...) = [5 7 14 16 17 34 51 68 68 14 14 14 14 14 14 14 14 
14 14 14 14 14 14 14 14 14 14 0]
Divisor per O(D): [5 7 14 16 17 34 51 68 68 14 14 14 14 14 14 14 14 14 14 14 14 
14 14 14 14 14 14 0]

JN = 19/20          , i = [ 8 ]
.D = [5 7 14 16 18 34 52 70 70 14 14 14 14 14 14 14 14 14 14 14 14 14 14 14 14 14
14 0]
JN*F - K menys f... = [4 6 13 15 17 33 51 69 68 11 9 7 5 3 1 -1 -3 -5 -7 -9 -11 
-13 -15 -17 -19 -21 -22 0]
Unload(JN*F - K menys f...) = [5 7 14 16 18 34 52 70 70 14 14 14 14 14 14 14 14 
14 14 14 14 14 14 14 14 14 14 0]
Divisor per O(D): [5 7 14 16 18 34 52 70 70 14 14 14 14 14 14 14 14 14 14 14 14 
14 14 14 14 14 14 0]

JN = 97/100         , i = [ 8 ]
.D = [5 8 15 17 18 35 53 71 71 15 15 15 15 15 15 15 15 15 15 15 15 15 15 15 15 15
15 0]
JN*F - K menys f... = [4 6 13 16 18 34 52 71 70 11 9 7 5 3 1 -1 -3 -5 -7 -9 -11 
-13 -15 -17 -19 -21 -22 0]
Unload(JN*F - K menys f...) = [5 8 15 17 18 35 53 71 71 15 15 15 15 15 15 15 15 
15 15 15 15 15 15 15 15 15 15 0]
Divisor per O(D): [5 8 15 17 18 35 53 71 71 15 15 15 15 15 15 15 15 15 15 15 15 
15 15 15 15 15 15 0]

JN = 49/50          , i = [ 8 ]
.D = [5 8 15 17 18 36 54 72 72 15 15 15 15 15 15 15 15 15 15 15 15 15 15 15 15 15
15 0]
JN*F - K menys f... = [4 6 13 16 18 35 53 72 71 11 9 7 5 3 1 -1 -3 -5 -7 -9 -11 
-13 -15 -17 -19 -21 -22 0]
Unload(JN*F - K menys f...) = [5 8 15 17 18 36 54 72 72 15 15 15 15 15 15 15 15 
15 15 15 15 15 15 15 15 15 15 0]
Divisor per O(D): [5 8 15 17 18 36 54 72 72 15 15 15 15 15 15 15 15 15 15 15 15 
15 15 15 15 15 15 0]

JN = 99/100         , i = [ 8 ]
.D = [5 8 15 17 19 36 55 74 74 15 15 15 15 15 15 15 15 15 15 15 15 15 15 15 15 15
15 0]
JN*F - K menys f... = [4 6 13 16 18 35 54 73 72 11 9 7 5 3 1 -1 -3 -5 -7 -9 -11 
-13 -15 -17 -19 -21 -22 0]
Unload(JN*F - K menys f...) = [5 8 15 17 19 36 55 74 74 15 15 15 15 15 15 15 15 
15 15 15 15 15 15 15 15 15 15 0]
Divisor per O(D): [5 8 15 17 19 36 55 74 74 15 15 15 15 15 15 15 15 15 15 15 15 
15 15 15 15 15 15 0]

JN = 1              , i = [ 28 ]
.D = [8 12 24 28 31 60 92 124 125 24 24 24 24 24 24 24 24 24 24 24 24 24 24 24 24
24 24 1]
JN*F - K menys f... = [-3 -5 -10 -11 -12 -24 -37 -50 -51 -12 -14 -16 -18 -20 -22
-24 -26 -28 -30 -32 -34 -36 -38 -40 -42 -44 -46 0]
Unload(JN*F - K menys f...) = [0 0 0 0 0 0 0 0 0 0 0 0 0 0 0 0 0 0 0 0 0 0 0 0 0
0 0 0]
Divisor per O(D): [0 0 0 0 0 0 0 0 0 0 0 0 0 0 0 0 0 0 0 0 0 0 0 0 0 0 0 0]

JN = 151/100        , i = [ 8 ]
.D = [9 13 26 30 33 64 98 132 133 26 26 26 26 26 26 26 26 26 26 26 26 26 26 26 26
26 26 1]
JN*F - K menys f... = [0 -1 -1 0 0 0 0 1 0 -4 -6 -9 -11 -14 -16 -19 -21 -24 -26 
-29 -31 -34 -36 -39 -41 -44 -46 0]
Unload(JN*F - K menys f...) = [1 1 2 2 2 4 6 8 8 2 2 2 2 2 2 2 2 2 2 2 2 2 2 2 2
2 2 0]
Divisor per O(D): [1 1 2 2 2 4 6 8 8 2 2 2 2 2 2 2 2 2 2 2 2 2 2 2 2 2 2 0]

JN = 159/100        , i = [ 8 ]
.D = [9 14 27 31 34 66 101 136 137 27 27 27 27 27 27 27 27 27 27 27 27 27 27 27 
27 27 27 1]
JN*F - K menys f... = [0 0 0 1 2 4 6 9 8 -2 -5 -8 -10 -13 -15 -18 -21 -23 -26 
-28 -31 -34 -36 -39 -41 -44 -46 0]
Unload(JN*F - K menys f...) = [1 2 3 3 3 6 9 12 12 3 3 3 3 3 3 3 3 3 3 3 3 3 3 3
3 3 3 0]
Divisor per O(D): [1 2 3 3 3 6 9 12 12 3 3 3 3 3 3 3 3 3 3 3 3 3 3 3 3 3 3 0]

JN = 163/100        , i = [ 8 ]
.D = [10 14 28 32 35 68 104 140 141 28 28 28 28 28 28 28 28 28 28 28 28 28 28 28 
28 28 28 1]
JN*F - K menys f... = [0 0 1 2 3 6 9 13 12 -2 -4 -7 -10 -12 -15 -18 -20 -23 -25 
-28 -31 -33 -36 -39 -41 -44 -46 0]
Unload(JN*F - K menys f...) = [2 2 4 4 4 8 12 16 16 4 4 4 4 4 4 4 4 4 4 4 4 4 4 
4 4 4 4 0]
Divisor per O(D): [2 2 4 4 4 8 12 16 16 4 4 4 4 4 4 4 4 4 4 4 4 4 4 4 4 4 4 0]

JN = 167/100        , i = [ 8 ]
.D = [10 15 29 33 36 70 107 144 145 29 29 29 29 29 29 29 29 29 29 29 29 29 29 29 
29 29 29 1]
JN*F - K menys f... = [1 1 2 3 4 8 12 17 16 -1 -4 -6 -9 -12 -14 -17 -20 -22 -25 
-28 -30 -33 -36 -38 -41 -44 -46 0]
Unload(JN*F - K menys f...) = [2 3 5 5 5 10 15 20 20 5 5 5 5 5 5 5 5 5 5 5 5 5 5
5 5 5 5 0]
Divisor per O(D): [2 3 5 5 5 10 15 20 20 5 5 5 5 5 5 5 5 5 5 5 5 5 5 5 5 5 5 0]

JN = 171/100        , i = [ 8 ]
.D = [10 15 30 34 37 72 110 148 149 30 30 30 30 30 30 30 30 30 30 30 30 30 30 30 
30 30 30 1]
JN*F - K menys f... = [1 1 2 4 5 10 15 21 20 0 -3 -6 -9 -11 -14 -17 -19 -22 -25 
-28 -30 -33 -36 -38 -41 -44 -46 0]
Unload(JN*F - K menys f...) = [2 3 6 6 6 12 18 24 24 6 6 6 6 6 6 6 6 6 6 6 6 6 6
6 6 6 6 0]
Divisor per O(D): [2 3 6 6 6 12 18 24 24 6 6 6 6 6 6 6 6 6 6 6 6 6 6 6 6 6 6 0]

JN = 7/4            , i = [ 8 ]
.D = [10 15 30 35 38 74 113 152 153 30 30 30 30 30 30 30 30 30 30 30 30 30 30 30 
30 30 30 1]
JN*F - K menys f... = [1 1 3 5 6 12 18 25 24 0 -2 -5 -8 -11 -13 -16 -19 -22 -24 
-27 -30 -33 -35 -38 -41 -44 -46 0]
Unload(JN*F - K menys f...) = [2 3 6 7 7 14 21 28 28 6 6 6 6 6 6 6 6 6 6 6 6 6 6
6 6 6 6 0]
Divisor per O(D): [2 3 6 7 7 14 21 28 28 6 6 6 6 6 6 6 6 6 6 6 6 6 6 6 6 6 6 0]

JN = 179/100        , i = [ 8 ]
.D = [10 15 30 35 39 75 115 155 156 30 30 30 30 30 30 30 30 30 30 30 30 30 30 30 
30 30 30 1]
JN*F - K menys f... = [1 2 4 6 7 13 21 29 28 1 -2 -5 -7 -10 -13 -16 -19 -21 -24 
-27 -30 -33 -35 -38 -41 -44 -46 0]
Unload(JN*F - K menys f...) = [2 3 6 7 8 15 23 31 31 6 6 6 6 6 6 6 6 6 6 6 6 6 6
6 6 6 6 0]
Divisor per O(D): [2 3 6 7 8 15 23 31 31 6 6 6 6 6 6 6 6 6 6 6 6 6 6 6 6 6 6 0]

JN = 91/50          , i = [ 8 ]
.D = [11 16 32 36 39 76 116 156 157 32 32 32 32 32 32 32 32 32 32 32 32 32 32 32 
32 32 32 1]
JN*F - K menys f... = [1 2 4 7 8 15 23 32 31 1 -1 -4 -7 -10 -13 -15 -18 -21 -24 
-27 -30 -32 -35 -38 -41 -44 -46 0]
Unload(JN*F - K menys f...) = [3 4 8 8 8 16 24 32 32 8 8 8 8 8 8 8 8 8 8 8 8 8 8
8 8 8 8 0]
Divisor per O(D): [3 4 8 8 8 16 24 32 32 8 8 8 8 8 8 8 8 8 8 8 8 8 8 8 8 8 8 0]

JN = 183/100        , i = [ 8 ]
.D = [11 16 32 37 40 78 119 160 161 32 32 32 32 32 32 32 32 32 32 32 32 32 32 32 
32 32 32 1]
JN*F - K menys f... = [1 2 4 7 8 15 24 33 32 2 -1 -4 -7 -10 -13 -15 -18 -21 -24 
-27 -30 -32 -35 -38 -41 -44 -46 0]
Unload(JN*F - K menys f...) = [3 4 8 9 9 18 27 36 36 8 8 8 8 8 8 8 8 8 8 8 8 8 8
8 8 8 8 0]
Divisor per O(D): [3 4 8 9 9 18 27 36 36 8 8 8 8 8 8 8 8 8 8 8 8 8 8 8 8 8 8 0]

JN = 187/100        , i = [ 8 ]
.D = [11 16 32 37 41 79 121 163 164 32 32 32 32 32 32 32 32 32 32 32 32 32 32 32 
32 32 32 1]
JN*F - K menys f... = [2 2 5 8 9 17 27 37 36 2 -1 -3 -6 -9 -12 -15 -18 -21 -24 
-26 -29 -32 -35 -38 -41 -44 -46 0]
Unload(JN*F - K menys f...) = [3 4 8 9 10 19 29 39 39 8 8 8 8 8 8 8 8 8 8 8 8 8 
8 8 8 8 8 0]
Divisor per O(D): [3 4 8 9 10 19 29 39 39 8 8 8 8 8 8 8 8 8 8 8 8 8 8 8 8 8 8 0]

JN = 19/10          , i = [ 8 ]
.D = [11 17 33 38 41 80 122 164 165 33 33 33 33 33 33 33 33 33 33 33 33 33 33 33 
33 33 33 1]
JN*F - K menys f... = [2 3 6 8 10 19 29 40 39 3 0 -3 -6 -9 -12 -15 -17 -20 -23 
-26 -29 -32 -35 -38 -41 -44 -46 0]
Unload(JN*F - K menys f...) = [3 5 9 10 10 20 30 40 40 9 9 9 9 9 9 9 9 9 9 9 9 9
9 9 9 9 9 0]
Divisor per O(D): [3 5 9 10 10 20 30 40 40 9 9 9 9 9 9 9 9 9 9 9 9 9 9 9 9 9 9 
0]

JN = 191/100        , i = [ 8 ]
.D = [11 17 33 38 42 81 124 167 168 33 33 33 33 33 33 33 33 33 33 33 33 33 33 33 
33 33 33 1]
JN*F - K menys f... = [2 3 6 9 10 19 30 41 40 3 0 -3 -6 -9 -12 -14 -17 -20 -23 
-26 -29 -32 -35 -38 -41 -44 -46 0]
Unload(JN*F - K menys f...) = [3 5 9 10 11 21 32 43 43 9 9 9 9 9 9 9 9 9 9 9 9 9
9 9 9 9 9 0]
Divisor per O(D): [3 5 9 10 11 21 32 43 43 9 9 9 9 9 9 9 9 9 9 9 9 9 9 9 9 9 9 
0]

JN = 97/50          , i = [ 8 ]
.D = [12 17 34 39 42 82 125 168 169 34 34 34 34 34 34 34 34 34 34 34 34 34 34 34 
34 34 34 1]
JN*F - K menys f... = [2 3 6 9 11 21 32 44 43 3 1 -2 -5 -8 -11 -14 -17 -20 -23 
-26 -29 -32 -35 -38 -41 -44 -46 0]
Unload(JN*F - K menys f...) = [4 5 10 11 11 22 33 44 44 10 10 10 10 10 10 10 10 
10 10 10 10 10 10 10 10 10 10 0]
Divisor per O(D): [4 5 10 11 11 22 33 44 44 10 10 10 10 10 10 10 10 10 10 10 10 
10 10 10 10 10 10 0]

JN = 39/20          , i = [ 8 ]
.D = [12 17 34 39 43 83 127 171 172 34 34 34 34 34 34 34 34 34 34 34 34 34 34 34 
34 34 34 1]
JN*F - K menys f... = [2 3 7 9 11 21 33 45 44 4 1 -2 -5 -8 -11 -14 -17 -20 -23 
-26 -29 -32 -35 -38 -41 -44 -46 0]
Unload(JN*F - K menys f...) = [4 5 10 11 12 23 35 47 47 10 10 10 10 10 10 10 10 
10 10 10 10 10 10 10 10 10 10 0]
Divisor per O(D): [4 5 10 11 12 23 35 47 47 10 10 10 10 10 10 10 10 10 10 10 10 
10 10 10 10 10 10 0]

JN = 99/50          , i = [ 8 ]
.D = [12 18 35 40 43 84 128 172 173 35 35 35 35 35 35 35 35 35 35 35 35 35 35 35 
35 35 35 1]
JN*F - K menys f... = [2 3 7 10 12 23 35 48 47 4 1 -2 -5 -8 -11 -14 -17 -20 -23 
-26 -29 -32 -35 -38 -41 -44 -46 0]
Unload(JN*F - K menys f...) = [4 6 11 12 12 24 36 48 48 11 11 11 11 11 11 11 11 
11 11 11 11 11 11 11 11 11 11 0]
Divisor per O(D): [4 6 11 12 12 24 36 48 48 11 11 11 11 11 11 11 11 11 11 11 11 
11 11 11 11 11 11 0]

JN = 199/100        , i = [ 8 ]
.D = [12 18 35 40 44 85 130 175 176 35 35 35 35 35 35 35 35 35 35 35 35 35 35 35 
35 35 35 1]
JN*F - K menys f... = [2 3 7 10 12 23 36 49 48 4 1 -2 -5 -8 -11 -14 -17 -20 -23 
-26 -29 -32 -35 -38 -41 -44 -46 0]
Unload(JN*F - K menys f...) = [4 6 11 12 13 25 38 51 51 11 11 11 11 11 11 11 11 
11 11 11 11 11 11 11 11 11 11 0]
Divisor per O(D): [4 6 11 12 13 25 38 51 51 11 11 11 11 11 11 11 11 11 11 11 11 
11 11 11 11 11 11 0]

JN = 2              , i = [ 28 ]
.D = [16 24 48 56 62 120 184 248 250 48 48 48 48 48 48 48 48 48 48 48 48 48 48 48
48 48 48 2]
JN*F - K menys f... = [-5 -8 -16 -17 -18 -36 -55 -74 -75 -19 -22 -25 -28 -31 -34
-37 -40 -43 -46 -49 -52 -55 -58 -61 -64 -67 -70 0]
Unload(JN*F - K menys f...) = [0 0 0 0 0 0 0 0 0 0 0 0 0 0 0 0 0 0 0 0 0 0 0 0 0
0 0 0]
Divisor per O(D): [0 0 0 0 0 0 0 0 0 0 0 0 0 0 0 0 0 0 0 0 0 0 0 0 0 0 0 0]

JN = 11/4           , i = [ 8 ]
.D = [17 25 50 58 64 124 190 256 258 50 50 50 50 50 50 50 50 50 50 50 50 50 50 50
50 50 50 2]
JN*F - K menys f... = [-1 -2 -3 -1 0 0 0 1 0 -7 -10 -14 -18 -22 -25 -29 -33 -37 
-40 -44 -48 -52 -55 -59 -63 -67 -70 0]
Unload(JN*F - K menys f...) = [1 1 2 2 2 4 6 8 8 2 2 2 2 2 2 2 2 2 2 2 2 2 2 2 2
2 2 0]
Divisor per O(D): [1 1 2 2 2 4 6 8 8 2 2 2 2 2 2 2 2 2 2 2 2 2 2 2 2 2 2 0]

JN = 283/100        , i = [ 8 ]
.D = [17 26 51 59 65 126 193 260 262 51 51 51 51 51 51 51 51 51 51 51 51 51 51 51
51 51 51 2]
JN*F - K menys f... = [-1 -1 -2 1 2 3 6 9 8 -5 -9 -13 -17 -21 -25 -28 -32 -36 
-40 -44 -48 -51 -55 -59 -63 -67 -70 0]
Unload(JN*F - K menys f...) = [1 2 3 3 3 6 9 12 12 3 3 3 3 3 3 3 3 3 3 3 3 3 3 3
3 3 3 0]
Divisor per O(D): [1 2 3 3 3 6 9 12 12 3 3 3 3 3 3 3 3 3 3 3 3 3 3 3 3 3 3 0]

JN = 287/100        , i = [ 8 ]
.D = [18 26 52 60 66 128 196 264 266 52 52 52 52 52 52 52 52 52 52 52 52 52 52 52
52 52 52 2]
JN*F - K menys f... = [0 -1 -1 2 3 5 9 13 12 -5 -9 -12 -16 -20 -24 -28 -32 -36 
-40 -43 -47 -51 -55 -59 -63 -67 -70 0]
Unload(JN*F - K menys f...) = [2 2 4 4 4 8 12 16 16 4 4 4 4 4 4 4 4 4 4 4 4 4 4 
4 4 4 4 0]
Divisor per O(D): [2 2 4 4 4 8 12 16 16 4 4 4 4 4 4 4 4 4 4 4 4 4 4 4 4 4 4 0]

JN = 291/100        , i = [ 8 ]
.D = [18 27 53 61 67 130 199 268 270 53 53 53 53 53 53 53 53 53 53 53 53 53 53 53
53 53 53 2]
JN*F - K menys f... = [0 0 0 3 4 7 12 17 16 -4 -8 -12 -16 -20 -24 -27 -31 -35 
-39 -43 -47 -51 -55 -59 -63 -67 -70 0]
Unload(JN*F - K menys f...) = [2 3 5 5 5 10 15 20 20 5 5 5 5 5 5 5 5 5 5 5 5 5 5
5 5 5 5 0]
Divisor per O(D): [2 3 5 5 5 10 15 20 20 5 5 5 5 5 5 5 5 5 5 5 5 5 5 5 5 5 5 0]

JN = 59/20          , i = [ 8 ]
.D = [18 27 54 62 68 132 202 272 274 54 54 54 54 54 54 54 54 54 54 54 54 54 54 54
54 54 54 2]
JN*F - K menys f... = [0 0 1 3 5 9 15 21 20 -3 -7 -11 -15 -19 -23 -27 -31 -35 
-39 -43 -47 -51 -55 -59 -63 -67 -70 0]
Unload(JN*F - K menys f...) = [2 3 6 6 6 12 18 24 24 6 6 6 6 6 6 6 6 6 6 6 6 6 6
6 6 6 6 0]
Divisor per O(D): [2 3 6 6 6 12 18 24 24 6 6 6 6 6 6 6 6 6 6 6 6 6 6 6 6 6 6 0]

JN = 299/100        , i = [ 8 ]
.D = [18 27 54 63 69 134 205 276 278 54 54 54 54 54 54 54 54 54 54 54 54 54 54 54
54 54 54 2]
JN*F - K menys f... = [0 0 1 4 6 11 18 25 24 -3 -7 -11 -15 -19 -23 -27 -31 -35 
-39 -43 -47 -51 -55 -59 -63 -67 -70 0]
Unload(JN*F - K menys f...) = [2 3 6 7 7 14 21 28 28 6 6 6 6 6 6 6 6 6 6 6 6 6 6
6 6 6 6 0]
Divisor per O(D): [2 3 6 7 7 14 21 28 28 6 6 6 6 6 6 6 6 6 6 6 6 6 6 6 6 6 6 0]

JN = 3              , i = [ 28 ]
.D = [24 36 72 84 93 180 276 372 375 72 72 72 72 72 72 72 72 72 72 72 72 72 72 72
72 72 72 3]
JN*F - K menys f... = [-7 -11 -22 -23 -24 -48 -73 -98 -99 -26 -30 -34 -38 -42 
-46 -50 -54 -58 -62 -66 -70 -74 -78 -82 -86 -90 -94 0]
Unload(JN*F - K menys f...) = [0 0 0 0 0 0 0 0 0 0 0 0 0 0 0 0 0 0 0 0 0 0 0 0 0
0 0 0]
Divisor per O(D): [0 0 0 0 0 0 0 0 0 0 0 0 0 0 0 0 0 0 0 0 0 0 0 0 0 0 0 0]

JN = 399/100        , i = [ 8 ]
.D = [25 37 74 86 95 184 282 380 383 74 74 74 74 74 74 74 74 74 74 74 74 74 74 74
74 74 74 3]
JN*F - K menys f... = [-2 -3 -5 -2 0 -1 0 1 0 -10 -15 -20 -25 -30 -35 -40 -45 
-50 -55 -60 -65 -70 -75 -80 -85 -90 -94 0]
Unload(JN*F - K menys f...) = [1 1 2 2 2 4 6 8 8 2 2 2 2 2 2 2 2 2 2 2 2 2 2 2 2
2 2 0]
Divisor per O(D): [1 1 2 2 2 4 6 8 8 2 2 2 2 2 2 2 2 2 2 2 2 2 2 2 2 2 2 0]

JN = 4              , i = [ 28 ]
.D = [32 48 96 112 124 240 368 496 500 96 96 96 96 96 96 96 96 96 96 96 96 96 96 
96 96 96 96 4]
JN*F - K menys f... = [-9 -14 -28 -29 -30 -60 -91 -122 -123 -33 -38 -43 -48 -53 
-58 -63 -68 -73 -78 -83 -88 -93 -98 -103 -108 -113 -118 0]
Unload(JN*F - K menys f...) = [0 0 0 0 0 0 0 0 0 0 0 0 0 0 0 0 0 0 0 0 0 0 0 0 0
0 0 0]
Divisor per O(D): [0 0 0 0 0 0 0 0 0 0 0 0 0 0 0 0 0 0 0 0 0 0 0 0 0 0 0 0]

JN = 5              , i = [ 28 ]
.D = [40 60 120 140 155 300 460 620 625 120 120 120 120 120 120 120 120 120 120 
120 120 120 120 120 120 120 120 5]
JN*F - K menys f... = [-11 -17 -34 -35 -36 -72 -109 -146 -147 -40 -46 -52 -58 
-64 -70 -76 -82 -88 -94 -100 -106 -112 -118 -124 -130 -136 -142 0]
Unload(JN*F - K menys f...) = [0 0 0 0 0 0 0 0 0 0 0 0 0 0 0 0 0 0 0 0 0 0 0 0 0
0 0 0]
Divisor per O(D): [0 0 0 0 0 0 0 0 0 0 0 0 0 0 0 0 0 0 0 0 0 0 0 0 0 0 0 0]

JN = 6              , i = [ 28 ]
.D = [48 72 144 168 186 360 552 744 750 144 144 144 144 144 144 144 144 144 144 
144 144 144 144 144 144 144 144 6]
JN*F - K menys f... = [-13 -20 -40 -41 -42 -84 -127 -170 -171 -47 -54 -61 -68 
-75 -82 -89 -96 -103 -110 -117 -124 -131 -138 -145 -152 -159 -166 0]
Unload(JN*F - K menys f...) = [0 0 0 0 0 0 0 0 0 0 0 0 0 0 0 0 0 0 0 0 0 0 0 0 0
0 0 0]
Divisor per O(D): [0 0 0 0 0 0 0 0 0 0 0 0 0 0 0 0 0 0 0 0 0 0 0 0 0 0 0 0]

JN = 7              , i = [ 28 ]
.D = [56 84 168 196 217 420 644 868 875 168 168 168 168 168 168 168 168 168 168 
168 168 168 168 168 168 168 168 7]
JN*F - K menys f... = [-15 -23 -46 -47 -48 -96 -145 -194 -195 -54 -62 -70 -78 
-86 -94 -102 -110 -118 -126 -134 -142 -150 -158 -166 -174 -182 -190 0]
Unload(JN*F - K menys f...) = [0 0 0 0 0 0 0 0 0 0 0 0 0 0 0 0 0 0 0 0 0 0 0 0 0
0 0 0]
Divisor per O(D): [0 0 0 0 0 0 0 0 0 0 0 0 0 0 0 0 0 0 0 0 0 0 0 0 0 0 0 0]

JN = 8              , i = [ 28 ]
.D = [64 96 192 224 248 480 736 992 1000 192 192 192 192 192 192 192 192 192 192 
192 192 192 192 192 192 192 192 8]
JN*F - K menys f... = [-17 -26 -52 -53 -54 -108 -163 -218 -219 -61 -70 -79 -88 
-97 -106 -115 -124 -133 -142 -151 -160 -169 -178 -187 -196 -205 -214 0]
Unload(JN*F - K menys f...) = [0 0 0 0 0 0 0 0 0 0 0 0 0 0 0 0 0 0 0 0 0 0 0 0 0
0 0 0]
Divisor per O(D): [0 0 0 0 0 0 0 0 0 0 0 0 0 0 0 0 0 0 0 0 0 0 0 0 0 0 0 0]

JN = 9              , i = [ 28 ]

--------------------------------------------------

27/100  | ( x, y )
7/20    | ( y, x^2 )
39/100  | ( xy, x^2, y^2 )
43/100  | ( xy, x^3, y^2 )
47/100  | ( h, x^2y, x^3 )
51/100  | ( h, x^4, xy^2, x^2y )
11/20   | ( h, x^4, x^3y )
29/50   | ( x^4, x^3y, hy, hx )
59/100  | ( x^5, x^3y, x^2y^2, hy, hx )
63/100  | ( x^4y, x^5, hy, hx )
33/50   | ( hy, xy^3, x^2y^2, x^4y, hx^2 )
67/100  | ( x^4y, x^3y^2, hx^2, x^6, hy )
7/10    | ( hxy, x^6, x^3y^2, hy^2, x^4y, hx^2 )
71/100  | ( x^5y, hxy, hx^2, x^6, hy^2 )
37/50   | ( x^2y^3, hx^3, hxy, x^3y^2, x^5y, hy^2 )
3/4     | ( hx^3, x^4y^2, hxy, x^5y, hy^2, x^7 )
39/50   | ( hx^3, x^4y^2, hx^2y, x^5y, h^2, x^7 )
79/100  | ( hx^3, hx^2y, x^6y, h^2, x^7 )
41/50   | ( hxy^2, x^4y^2, hx^2y, x^6y, h^2, hx^4, x^3y^3 )
83/100  | ( hxy^2, x^5y^2, hx^2y, x^6y, h^2, hx^4, x^8 )
43/50   | ( h^2, x^5y^2, x^6y, hx^4, x^8, hx^3y )
87/100  | ( h^2, hx^3y, x^8, hx^4, x^7y )
89/100  | ( h^2y, h^2x, hx^4, x^8, hx^3y, x^7y )
9/10    | ( x^7y, x^5y^2, h^2x, hx^3y, h^2y, hx^5, hx^2y^2, x^4y^3 )
91/100  | ( x^6y^2, hx^5, h^2x, hx^3y, x^7y, x^9, hx^2y^2, h^2y )
47/50   | ( hx^4y, x^9, x^6y^2, h^2x, h^2y, hx^5, x^7y )
19/20   | ( hx^4y, x^9, h^2x, h^2y, hx^5, x^8y )
97/100  | ( x^6y^2, hx^4y, hxy^3, hx^2y^2, h^2x^2, x^8y, x^5y^3, h^2y )
49/50   | ( x^5y^3, hx^4y, x^6y^2, hx^3y^2, hx^6, h^2y, x^8y, h^2x^2 )
99/100  | ( x^{10}, hx^4y, hx^3y^2, h^2y, hx^6, x^8y, h^2x^2, x^7y^2 )
1       | f * ( 1 )
151/100 | f * ( x, y )
159/100 | f * ( y, x^2 )
163/100 | f * ( xy, x^2, y^2 )
167/100 | f * ( xy, x^3, y^2 )
171/100 | f * ( h, x^2y, x^3 )
7/4     | f * ( h, x^4, xy^2, x^2y )
179/100 | f * ( h, x^4, x^3y )
91/50   | f * ( x^4, x^3y, hy, hx )
183/100 | f * ( x^5, x^3y, x^2y^2, hy, hx )
187/100 | f * ( x^4y, x^5, hy, hx )
19/10   | f * ( hy, xy^3, x^2y^2, x^4y, hx^2 )
191/100 | f * ( x^4y, x^3y^2, hx^2, x^6, hy )
97/50   | f * ( hxy, x^6, x^3y^2, hy^2, x^4y, hx^2 )
39/20   | f * ( x^5y, hxy, hx^2, x^6, hy^2 )
99/50   | f * ( x^2y^3, hx^3, hxy, x^3y^2, x^5y, hy^2 )
199/100 | f * ( hx^3, x^4y^2, hxy, x^5y, hy^2, x^7 )
2       | f^2 * ( 1 )
11/4    | f^2 * ( x, y )
283/100 | f^2 * ( y, x^2 )
287/100 | f^2 * ( xy, x^2, y^2 )
291/100 | f^2 * ( xy, x^3, y^2 )
59/20   | f^2 * ( h, x^2y, x^3 )
299/100 | f^2 * ( h, x^4, xy^2, x^2y )
3       | f^3 * ( 1 )
399/100 | f^3 * ( x, y )
4       | f^4 * ( 1 )
5       | f^5 * ( 1 )
6       | f^6 * ( 1 )
7       | f^7 * ( 1 )
8       | f^8 * ( 1 )

Definitions:
h = y^2 - x^3

--------------------------------------------------

JN:

[ 27/100, 7/20, 39/100, 43/100, 47/100, 51/100, 11/20, 29/50, 59/100, 63/100, 
33/50, 67/100, 7/10, 71/100, 37/50, 3/4, 39/50, 79/100, 41/50, 83/100, 43/50, 
87/100, 89/100, 9/10, 91/100, 47/50, 19/20, 97/100, 49/50, 99/100 ]

[ 1, 151/100, 159/100, 163/100, 167/100, 171/100, 7/4, 179/100, 91/50, 183/100, 
187/100, 19/10, 191/100, 97/50, 39/20, 99/50, 199/100 ]

[ 2, 11/4, 283/100, 287/100, 291/100, 59/20, 299/100 ]

[ 3, 399/100 ]

[ 4 ]

[ 5 ]

[ 6 ]

[ 7 ]

[ 8 ]

JN fract:

0 + [ 27/100, 7/20, 39/100, 43/100, 47/100, 51/100, 11/20, 29/50, 59/100, 
63/100, 33/50, 67/100, 7/10, 71/100, 37/50, 3/4, 39/50, 79/100, 41/50, 83/100, 
43/50, 87/100, 89/100, 9/10, 91/100, 47/50, 19/20, 97/100, 49/50, 99/100 ]

1 + [ 0, 51/100, 59/100, 63/100, 67/100, 71/100, 3/4, 79/100, 41/50, 83/100, 
87/100, 9/10, 91/100, 47/50, 19/20, 49/50, 99/100 ]

2 + [ 0, 3/4, 83/100, 87/100, 91/100, 19/20, 99/100 ]

3 + [ 0, 99/100 ]

4 + [ 0 ]

5 + [ 0 ]

6 + [ 0 ]

7 + [ 0 ]

8 + [ 0 ]

